% # columns="iteration, evaluation, min max(neg(.)) min(pos(.)) max correlation, correlation matrix principal axes lengths  (sorted square roots of eigenvalues of correlation matrix)", seed=385484, Tue Jan 13 20:26:32 2026
1 12 -0.0295070468175196 -0.006745817429940664 0.008109902968094277 0.039518844508367006 0.9488257741816295 0.9604056923719244 0.9736086572751266 0.987202754411122 0.9900363699517469 0.9930704309384815 0.9967389405027993 1.0001701332803024 1.0003486734902132 1.0013954212483056 1.0049273492873925 1.0061305116571369 1.007267041612476 1.0119019456855805 1.0207987573122534 1.0333635054194457 1.0585873769652387
2 24 -0.0466167130744593 -0.013749884148792529 0.011984351003421254 0.05916207647847138 0.9488257741816295 0.9604056923719244 0.9736086572751266 0.987202754411122 0.9900363699517469 0.9930704309384815 0.9967389405027993 1.0001701332803024 1.0003486734902132 1.0013954212483056 1.0049273492873925 1.0061305116571369 1.007267041612476 1.0119019456855805 1.0207987573122534 1.0333635054194457 1.0585873769652387
3 36 -0.08958249633498808 -0.01582213299010565 0.01574954445241311 0.106053775635074 0.9488257741816295 0.9604056923719244 0.9736086572751266 0.987202754411122 0.9900363699517469 0.9930704309384815 0.9967389405027993 1.0001701332803024 1.0003486734902132 1.0013954212483056 1.0049273492873925 1.0061305116571369 1.007267041612476 1.0119019456855805 1.0207987573122534 1.0333635054194457 1.0585873769652387
4 48 -0.11743222438765515 -0.018922731154144976 0.018935710972876146 0.16138447100322342 0.9488257741816295 0.9604056923719244 0.9736086572751266 0.987202754411122 0.9900363699517469 0.9930704309384815 0.9967389405027993 1.0001701332803024 1.0003486734902132 1.0013954212483056 1.0049273492873925 1.0061305116571369 1.007267041612476 1.0119019456855805 1.0207987573122534 1.0333635054194457 1.0585873769652387
5 60 -0.12792541907278343 -0.026694268708786262 0.024336981641404194 0.1779600102663521 0.9488257741816295 0.9604056923719244 0.9736086572751266 0.987202754411122 0.9900363699517469 0.9930704309384815 0.9967389405027993 1.0001701332803024 1.0003486734902132 1.0013954212483056 1.0049273492873925 1.0061305116571369 1.007267041612476 1.0119019456855805 1.0207987573122534 1.0333635054194457 1.0585873769652387
6 72 -0.1330471259526409 -0.028295361107834323 0.024170986270489987 0.1860459252068366 0.9488257741816295 0.9604056923719244 0.9736086572751266 0.987202754411122 0.9900363699517469 0.9930704309384815 0.9967389405027993 1.0001701332803024 1.0003486734902132 1.0013954212483056 1.0049273492873925 1.0061305116571369 1.007267041612476 1.0119019456855805 1.0207987573122534 1.0333635054194457 1.0585873769652387
7 84 -0.12639944409712736 -0.02818514225207218 0.023709352803942173 0.17903879231525732 0.9488257741816295 0.9604056923719244 0.9736086572751266 0.987202754411122 0.9900363699517469 0.9930704309384815 0.9967389405027993 1.0001701332803024 1.0003486734902132 1.0013954212483056 1.0049273492873925 1.0061305116571369 1.007267041612476 1.0119019456855805 1.0207987573122534 1.0333635054194457 1.0585873769652387
8 96 -0.13695695517189418 -0.028152395489562637 0.02654686211311063 0.20185946828919804 0.9488257741816295 0.9604056923719244 0.9736086572751266 0.987202754411122 0.9900363699517469 0.9930704309384815 0.9967389405027993 1.0001701332803024 1.0003486734902132 1.0013954212483056 1.0049273492873925 1.0061305116571369 1.007267041612476 1.0119019456855805 1.0207987573122534 1.0333635054194457 1.0585873769652387
9 108 -0.13804705478398135 -0.027125767095136435 0.02566102950064395 0.19190391256170025 0.9488257741816295 0.9604056923719244 0.9736086572751266 0.987202754411122 0.9900363699517469 0.9930704309384815 0.9967389405027993 1.0001701332803024 1.0003486734902132 1.0013954212483056 1.0049273492873925 1.0061305116571369 1.007267041612476 1.0119019456855805 1.0207987573122534 1.0333635054194457 1.0585873769652387
10 120 -0.15709922340145355 -0.031119386960964723 0.02625865542214212 0.19356875963327388 0.9488257741816295 0.9604056923719244 0.9736086572751266 0.987202754411122 0.9900363699517469 0.9930704309384815 0.9967389405027993 1.0001701332803024 1.0003486734902132 1.0013954212483056 1.0049273492873925 1.0061305116571369 1.007267041612476 1.0119019456855805 1.0207987573122534 1.0333635054194457 1.0585873769652387
11 132 -0.1698516472128934 -0.030317668222380367 0.029725189530865587 0.17843051164516746 0.9488257741816295 0.9604056923719244 0.9736086572751266 0.987202754411122 0.9900363699517469 0.9930704309384815 0.9967389405027993 1.0001701332803024 1.0003486734902132 1.0013954212483056 1.0049273492873925 1.0061305116571369 1.007267041612476 1.0119019456855805 1.0207987573122534 1.0333635054194457 1.0585873769652387
12 144 -0.15237058528081218 -0.030547678236518078 0.03148220126370604 0.16825413701298544 0.9488257741816295 0.9604056923719244 0.9736086572751266 0.987202754411122 0.9900363699517469 0.9930704309384815 0.9967389405027993 1.0001701332803024 1.0003486734902132 1.0013954212483056 1.0049273492873925 1.0061305116571369 1.007267041612476 1.0119019456855805 1.0207987573122534 1.0333635054194457 1.0585873769652387
13 156 -0.1568666184931857 -0.03641415884812718 0.02878024390547288 0.15900634718969922 0.9488257741816295 0.9604056923719244 0.9736086572751266 0.987202754411122 0.9900363699517469 0.9930704309384815 0.9967389405027993 1.0001701332803024 1.0003486734902132 1.0013954212483056 1.0049273492873925 1.0061305116571369 1.007267041612476 1.0119019456855805 1.0207987573122534 1.0333635054194457 1.0585873769652387
14 168 -0.1689924812271835 -0.04052692221153003 0.028878558315030105 0.15117286685945974 0.9488257741816295 0.9604056923719244 0.9736086572751266 0.987202754411122 0.9900363699517469 0.9930704309384815 0.9967389405027993 1.0001701332803024 1.0003486734902132 1.0013954212483056 1.0049273492873925 1.0061305116571369 1.007267041612476 1.0119019456855805 1.0207987573122534 1.0333635054194457 1.0585873769652387
15 180 -0.16427924938262584 -0.043723661755291326 0.034719359869202 0.15794154987212303 0.9488257741816295 0.9604056923719244 0.9736086572751266 0.987202754411122 0.9900363699517469 0.9930704309384815 0.9967389405027993 1.0001701332803024 1.0003486734902132 1.0013954212483056 1.0049273492873925 1.0061305116571369 1.007267041612476 1.0119019456855805 1.0207987573122534 1.0333635054194457 1.0585873769652387
16 192 -0.17434467526374606 -0.04611559856247453 0.03365041501004458 0.1431054218871751 0.9488257741816295 0.9604056923719244 0.9736086572751266 0.987202754411122 0.9900363699517469 0.9930704309384815 0.9967389405027993 1.0001701332803024 1.0003486734902132 1.0013954212483056 1.0049273492873925 1.0061305116571369 1.007267041612476 1.0119019456855805 1.0207987573122534 1.0333635054194457 1.0585873769652387
17 204 -0.17321401764575478 -0.04136977773546127 0.03340451997083875 0.14105405071238392 0.9488257741816295 0.9604056923719244 0.9736086572751266 0.987202754411122 0.9900363699517469 0.9930704309384815 0.9967389405027993 1.0001701332803024 1.0003486734902132 1.0013954212483056 1.0049273492873925 1.0061305116571369 1.007267041612476 1.0119019456855805 1.0207987573122534 1.0333635054194457 1.0585873769652387
18 216 -0.19090525045870976 -0.04847823981564567 0.04083446762486688 0.15466733112701478 0.8176701986350258 0.8427926024356855 0.8613169755276235 0.8847343560084557 0.8940610063720169 0.8980782798119993 0.932118770684317 0.9783138380484433 0.995854142060859 0.9991165948676691 1.0154534012291203 1.0405892530768617 1.0606808710173918 1.0703038323427838 1.1090414706899139 1.162938867011302 1.306803800298242
19 228 -0.19145936519129728 -0.04891162428130586 0.03907665022989898 0.1561076671359188 0.8176701986350258 0.8427926024356855 0.8613169755276235 0.8847343560084557 0.8940610063720169 0.8980782798119993 0.932118770684317 0.9783138380484433 0.995854142060859 0.9991165948676691 1.0154534012291203 1.0405892530768617 1.0606808710173918 1.0703038323427838 1.1090414706899139 1.162938867011302 1.306803800298242
20 240 -0.19030075566870933 -0.04518922424289196 0.03841636388267079 0.16065584515014655 0.8176701986350258 0.8427926024356855 0.8613169755276235 0.8847343560084557 0.8940610063720169 0.8980782798119993 0.932118770684317 0.9783138380484433 0.995854142060859 0.9991165948676691 1.0154534012291203 1.0405892530768617 1.0606808710173918 1.0703038323427838 1.1090414706899139 1.162938867011302 1.306803800298242
21 252 -0.18551491583006438 -0.04630234202553657 0.039826251587658054 0.15034977822397266 0.8176701986350258 0.8427926024356855 0.8613169755276235 0.8847343560084557 0.8940610063720169 0.8980782798119993 0.932118770684317 0.9783138380484433 0.995854142060859 0.9991165948676691 1.0154534012291203 1.0405892530768617 1.0606808710173918 1.0703038323427838 1.1090414706899139 1.162938867011302 1.306803800298242
22 264 -0.18056951436077312 -0.051233323086168125 0.04010476025848554 0.14924761595885508 0.8176701986350258 0.8427926024356855 0.8613169755276235 0.8847343560084557 0.8940610063720169 0.8980782798119993 0.932118770684317 0.9783138380484433 0.995854142060859 0.9991165948676691 1.0154534012291203 1.0405892530768617 1.0606808710173918 1.0703038323427838 1.1090414706899139 1.162938867011302 1.306803800298242
23 276 -0.1857298346112222 -0.05216441251022741 0.03588832001878925 0.15865750401168158 0.8176701986350258 0.8427926024356855 0.8613169755276235 0.8847343560084557 0.8940610063720169 0.8980782798119993 0.932118770684317 0.9783138380484433 0.995854142060859 0.9991165948676691 1.0154534012291203 1.0405892530768617 1.0606808710173918 1.0703038323427838 1.1090414706899139 1.162938867011302 1.306803800298242
24 288 -0.1941274908437877 -0.05195043088701599 0.034986459318352835 0.1613661887030005 0.8176701986350258 0.8427926024356855 0.8613169755276235 0.8847343560084557 0.8940610063720169 0.8980782798119993 0.932118770684317 0.9783138380484433 0.995854142060859 0.9991165948676691 1.0154534012291203 1.0405892530768617 1.0606808710173918 1.0703038323427838 1.1090414706899139 1.162938867011302 1.306803800298242
25 300 -0.18723262666743193 -0.05303995036732805 0.035360636198769474 0.15683511746757295 0.8176701986350258 0.8427926024356855 0.8613169755276235 0.8847343560084557 0.8940610063720169 0.8980782798119993 0.932118770684317 0.9783138380484433 0.995854142060859 0.9991165948676691 1.0154534012291203 1.0405892530768617 1.0606808710173918 1.0703038323427838 1.1090414706899139 1.162938867011302 1.306803800298242
26 312 -0.22785017685358613 -0.05019091749383902 0.03065829937640585 0.17594483961743065 0.8176701986350258 0.8427926024356855 0.8613169755276235 0.8847343560084557 0.8940610063720169 0.8980782798119993 0.932118770684317 0.9783138380484433 0.995854142060859 0.9991165948676691 1.0154534012291203 1.0405892530768617 1.0606808710173918 1.0703038323427838 1.1090414706899139 1.162938867011302 1.306803800298242
27 324 -0.23842421587807947 -0.05463332084020323 0.03535928142498815 0.1814630250345152 0.8176701986350258 0.8427926024356855 0.8613169755276235 0.8847343560084557 0.8940610063720169 0.8980782798119993 0.932118770684317 0.9783138380484433 0.995854142060859 0.9991165948676691 1.0154534012291203 1.0405892530768617 1.0606808710173918 1.0703038323427838 1.1090414706899139 1.162938867011302 1.306803800298242
28 336 -0.2452971178787431 -0.056738679205593 0.034411159891795856 0.18597887128806292 0.8176701986350258 0.8427926024356855 0.8613169755276235 0.8847343560084557 0.8940610063720169 0.8980782798119993 0.932118770684317 0.9783138380484433 0.995854142060859 0.9991165948676691 1.0154534012291203 1.0405892530768617 1.0606808710173918 1.0703038323427838 1.1090414706899139 1.162938867011302 1.306803800298242
29 348 -0.2546934378647617 -0.05912945599649863 0.03624880360168343 0.20639773180542403 0.8176701986350258 0.8427926024356855 0.8613169755276235 0.8847343560084557 0.8940610063720169 0.8980782798119993 0.932118770684317 0.9783138380484433 0.995854142060859 0.9991165948676691 1.0154534012291203 1.0405892530768617 1.0606808710173918 1.0703038323427838 1.1090414706899139 1.162938867011302 1.306803800298242
30 360 -0.25553209311933306 -0.06231299599529251 0.035559682473671375 0.2084298014339794 0.8176701986350258 0.8427926024356855 0.8613169755276235 0.8847343560084557 0.8940610063720169 0.8980782798119993 0.932118770684317 0.9783138380484433 0.995854142060859 0.9991165948676691 1.0154534012291203 1.0405892530768617 1.0606808710173918 1.0703038323427838 1.1090414706899139 1.162938867011302 1.306803800298242
31 372 -0.25587489050971807 -0.06497583922657837 0.0388410594978606 0.20556358822379303 0.8176701986350258 0.8427926024356855 0.8613169755276235 0.8847343560084557 0.8940610063720169 0.8980782798119993 0.932118770684317 0.9783138380484433 0.995854142060859 0.9991165948676691 1.0154534012291203 1.0405892530768617 1.0606808710173918 1.0703038323427838 1.1090414706899139 1.162938867011302 1.306803800298242
32 384 -0.25154215329375046 -0.061431129251547575 0.04272662286792552 0.21209912436334982 0.8176701986350258 0.8427926024356855 0.8613169755276235 0.8847343560084557 0.8940610063720169 0.8980782798119993 0.932118770684317 0.9783138380484433 0.995854142060859 0.9991165948676691 1.0154534012291203 1.0405892530768617 1.0606808710173918 1.0703038323427838 1.1090414706899139 1.162938867011302 1.306803800298242
33 396 -0.25927654533489025 -0.05985199344121221 0.03645721813153199 0.1998373851267044 0.8176701986350258 0.8427926024356855 0.8613169755276235 0.8847343560084557 0.8940610063720169 0.8980782798119993 0.932118770684317 0.9783138380484433 0.995854142060859 0.9991165948676691 1.0154534012291203 1.0405892530768617 1.0606808710173918 1.0703038323427838 1.1090414706899139 1.162938867011302 1.306803800298242
34 408 -0.2602132941571619 -0.06754307396186796 0.04335917297560181 0.19918803562404136 0.8176701986350258 0.8427926024356855 0.8613169755276235 0.8847343560084557 0.8940610063720169 0.8980782798119993 0.932118770684317 0.9783138380484433 0.995854142060859 0.9991165948676691 1.0154534012291203 1.0405892530768617 1.0606808710173918 1.0703038323427838 1.1090414706899139 1.162938867011302 1.306803800298242
35 420 -0.26589158455123824 -0.07072860527844026 0.04628257488081809 0.20185971313316556 0.7418039017341083 0.7739989812734146 0.807994994749885 0.8423914340984147 0.8720914594152233 0.9060460987137141 0.9292184810850547 0.9460602059192477 0.9601178627500759 0.971415364624863 1.0009421366190465 1.030301463185173 1.0532374569976322 1.1300914800075745 1.1888945540610074 1.2517583857304428 1.3610906528773992
36 432 -0.2761023240185327 -0.06849032080935147 0.045285586947041934 0.1952666928204801 0.7418039017341083 0.7739989812734146 0.807994994749885 0.8423914340984147 0.8720914594152233 0.9060460987137141 0.9292184810850547 0.9460602059192477 0.9601178627500759 0.971415364624863 1.0009421366190465 1.030301463185173 1.0532374569976322 1.1300914800075745 1.1888945540610074 1.2517583857304428 1.3610906528773992
37 444 -0.2902534749730824 -0.0710194090804673 0.04746341748214705 0.2194193586882132 0.7418039017341083 0.7739989812734146 0.807994994749885 0.8423914340984147 0.8720914594152233 0.9060460987137141 0.9292184810850547 0.9460602059192477 0.9601178627500759 0.971415364624863 1.0009421366190465 1.030301463185173 1.0532374569976322 1.1300914800075745 1.1888945540610074 1.2517583857304428 1.3610906528773992
38 456 -0.30862429059977964 -0.06984719904873873 0.05119988331930812 0.21542854993191962 0.7418039017341083 0.7739989812734146 0.807994994749885 0.8423914340984147 0.8720914594152233 0.9060460987137141 0.9292184810850547 0.9460602059192477 0.9601178627500759 0.971415364624863 1.0009421366190465 1.030301463185173 1.0532374569976322 1.1300914800075745 1.1888945540610074 1.2517583857304428 1.3610906528773992
39 468 -0.3192669352008225 -0.07301106935713858 0.05369015118217528 0.2087148973349507 0.7418039017341083 0.7739989812734146 0.807994994749885 0.8423914340984147 0.8720914594152233 0.9060460987137141 0.9292184810850547 0.9460602059192477 0.9601178627500759 0.971415364624863 1.0009421366190465 1.030301463185173 1.0532374569976322 1.1300914800075745 1.1888945540610074 1.2517583857304428 1.3610906528773992
40 480 -0.31134669878493815 -0.07640832987314264 0.059366192681362034 0.2126614916905894 0.7418039017341083 0.7739989812734146 0.807994994749885 0.8423914340984147 0.8720914594152233 0.9060460987137141 0.9292184810850547 0.9460602059192477 0.9601178627500759 0.971415364624863 1.0009421366190465 1.030301463185173 1.0532374569976322 1.1300914800075745 1.1888945540610074 1.2517583857304428 1.3610906528773992
41 492 -0.3101623049615903 -0.07396941837984172 0.0628773200419098 0.218330974018645 0.7418039017341083 0.7739989812734146 0.807994994749885 0.8423914340984147 0.8720914594152233 0.9060460987137141 0.9292184810850547 0.9460602059192477 0.9601178627500759 0.971415364624863 1.0009421366190465 1.030301463185173 1.0532374569976322 1.1300914800075745 1.1888945540610074 1.2517583857304428 1.3610906528773992
42 504 -0.3035094412468148 -0.07681477116925536 0.06605115111936502 0.22365204124020363 0.7418039017341083 0.7739989812734146 0.807994994749885 0.8423914340984147 0.8720914594152233 0.9060460987137141 0.9292184810850547 0.9460602059192477 0.9601178627500759 0.971415364624863 1.0009421366190465 1.030301463185173 1.0532374569976322 1.1300914800075745 1.1888945540610074 1.2517583857304428 1.3610906528773992
43 516 -0.30556022194883986 -0.07684007002111548 0.06540610408051162 0.2180530272534681 0.7418039017341083 0.7739989812734146 0.807994994749885 0.8423914340984147 0.8720914594152233 0.9060460987137141 0.9292184810850547 0.9460602059192477 0.9601178627500759 0.971415364624863 1.0009421366190465 1.030301463185173 1.0532374569976322 1.1300914800075745 1.1888945540610074 1.2517583857304428 1.3610906528773992
44 528 -0.31424438920583353 -0.07769957567234834 0.06521473661624708 0.21488845803765505 0.7418039017341083 0.7739989812734146 0.807994994749885 0.8423914340984147 0.8720914594152233 0.9060460987137141 0.9292184810850547 0.9460602059192477 0.9601178627500759 0.971415364624863 1.0009421366190465 1.030301463185173 1.0532374569976322 1.1300914800075745 1.1888945540610074 1.2517583857304428 1.3610906528773992
45 540 -0.3179592165290608 -0.07231632515254934 0.06795805595268886 0.22199536281537452 0.7418039017341083 0.7739989812734146 0.807994994749885 0.8423914340984147 0.8720914594152233 0.9060460987137141 0.9292184810850547 0.9460602059192477 0.9601178627500759 0.971415364624863 1.0009421366190465 1.030301463185173 1.0532374569976322 1.1300914800075745 1.1888945540610074 1.2517583857304428 1.3610906528773992
46 552 -0.3096769346664435 -0.08068139200311675 0.06865660556818413 0.22865295810416486 0.7418039017341083 0.7739989812734146 0.807994994749885 0.8423914340984147 0.8720914594152233 0.9060460987137141 0.9292184810850547 0.9460602059192477 0.9601178627500759 0.971415364624863 1.0009421366190465 1.030301463185173 1.0532374569976322 1.1300914800075745 1.1888945540610074 1.2517583857304428 1.3610906528773992
47 564 -0.3075281549309192 -0.08325202037522866 0.06610115286019168 0.24277636692894095 0.7418039017341083 0.7739989812734146 0.807994994749885 0.8423914340984147 0.8720914594152233 0.9060460987137141 0.9292184810850547 0.9460602059192477 0.9601178627500759 0.971415364624863 1.0009421366190465 1.030301463185173 1.0532374569976322 1.1300914800075745 1.1888945540610074 1.2517583857304428 1.3610906528773992
48 576 -0.30339971358317996 -0.0833059977986701 0.0661094832299567 0.23442079545792582 0.7418039017341083 0.7739989812734146 0.807994994749885 0.8423914340984147 0.8720914594152233 0.9060460987137141 0.9292184810850547 0.9460602059192477 0.9601178627500759 0.971415364624863 1.0009421366190465 1.030301463185173 1.0532374569976322 1.1300914800075745 1.1888945540610074 1.2517583857304428 1.3610906528773992
49 588 -0.31248483261767224 -0.07979122047538917 0.06601982931359743 0.23835133022929367 0.7418039017341083 0.7739989812734146 0.807994994749885 0.8423914340984147 0.8720914594152233 0.9060460987137141 0.9292184810850547 0.9460602059192477 0.9601178627500759 0.971415364624863 1.0009421366190465 1.030301463185173 1.0532374569976322 1.1300914800075745 1.1888945540610074 1.2517583857304428 1.3610906528773992
50 600 -0.3218499786396414 -0.07462562062076905 0.06440593358760983 0.23550667840635248 0.7418039017341083 0.7739989812734146 0.807994994749885 0.8423914340984147 0.8720914594152233 0.9060460987137141 0.9292184810850547 0.9460602059192477 0.9601178627500759 0.971415364624863 1.0009421366190465 1.030301463185173 1.0532374569976322 1.1300914800075745 1.1888945540610074 1.2517583857304428 1.3610906528773992
51 612 -0.32864281966032205 -0.07807713506888111 0.06339975549973545 0.25079661003382203 0.7418039017341083 0.7739989812734146 0.807994994749885 0.8423914340984147 0.8720914594152233 0.9060460987137141 0.9292184810850547 0.9460602059192477 0.9601178627500759 0.971415364624863 1.0009421366190465 1.030301463185173 1.0532374569976322 1.1300914800075745 1.1888945540610074 1.2517583857304428 1.3610906528773992
52 624 -0.33771805921696624 -0.08386672170676303 0.05918178465803702 0.24073328483332682 0.6505582864196291 0.7475719510303799 0.7679720376695007 0.7802109879676832 0.8531759509585022 0.8606328307414634 0.8984432160455503 0.9070747322446963 0.9532769690337157 0.9802154214616625 1.007526607573029 1.0428780390992427 1.0589617885235834 1.1321479060612873 1.1846185895907602 1.300172659859942 1.5005412963556826
53 636 -0.3366322720074615 -0.08107639016825288 0.060037008010269705 0.23641776149114418 0.6505582864196291 0.7475719510303799 0.7679720376695007 0.7802109879676832 0.8531759509585022 0.8606328307414634 0.8984432160455503 0.9070747322446963 0.9532769690337157 0.9802154214616625 1.007526607573029 1.0428780390992427 1.0589617885235834 1.1321479060612873 1.1846185895907602 1.300172659859942 1.5005412963556826
54 648 -0.3375103966751697 -0.08130478900057378 0.05512652099582868 0.24707893491346491 0.6505582864196291 0.7475719510303799 0.7679720376695007 0.7802109879676832 0.8531759509585022 0.8606328307414634 0.8984432160455503 0.9070747322446963 0.9532769690337157 0.9802154214616625 1.007526607573029 1.0428780390992427 1.0589617885235834 1.1321479060612873 1.1846185895907602 1.300172659859942 1.5005412963556826
55 660 -0.3304327140475708 -0.0752663991033905 0.056720332203571214 0.24289257653809318 0.6505582864196291 0.7475719510303799 0.7679720376695007 0.7802109879676832 0.8531759509585022 0.8606328307414634 0.8984432160455503 0.9070747322446963 0.9532769690337157 0.9802154214616625 1.007526607573029 1.0428780390992427 1.0589617885235834 1.1321479060612873 1.1846185895907602 1.300172659859942 1.5005412963556826
56 672 -0.3335841818104888 -0.07169415155530098 0.059533864409018436 0.24802522992155088 0.6505582864196291 0.7475719510303799 0.7679720376695007 0.7802109879676832 0.8531759509585022 0.8606328307414634 0.8984432160455503 0.9070747322446963 0.9532769690337157 0.9802154214616625 1.007526607573029 1.0428780390992427 1.0589617885235834 1.1321479060612873 1.1846185895907602 1.300172659859942 1.5005412963556826
57 684 -0.32434902212636907 -0.07710583135986566 0.06278649545479312 0.24670914663090912 0.6505582864196291 0.7475719510303799 0.7679720376695007 0.7802109879676832 0.8531759509585022 0.8606328307414634 0.8984432160455503 0.9070747322446963 0.9532769690337157 0.9802154214616625 1.007526607573029 1.0428780390992427 1.0589617885235834 1.1321479060612873 1.1846185895907602 1.300172659859942 1.5005412963556826
58 696 -0.3273511262064482 -0.07875045933864246 0.06786312207213752 0.25377778594079065 0.6505582864196291 0.7475719510303799 0.7679720376695007 0.7802109879676832 0.8531759509585022 0.8606328307414634 0.8984432160455503 0.9070747322446963 0.9532769690337157 0.9802154214616625 1.007526607573029 1.0428780390992427 1.0589617885235834 1.1321479060612873 1.1846185895907602 1.300172659859942 1.5005412963556826
59 708 -0.3199867708640933 -0.07697972374931844 0.06567217169960476 0.25889576580758333 0.6505582864196291 0.7475719510303799 0.7679720376695007 0.7802109879676832 0.8531759509585022 0.8606328307414634 0.8984432160455503 0.9070747322446963 0.9532769690337157 0.9802154214616625 1.007526607573029 1.0428780390992427 1.0589617885235834 1.1321479060612873 1.1846185895907602 1.300172659859942 1.5005412963556826
60 720 -0.3030580946320899 -0.07191440710519362 0.06527372842655854 0.25768979909175577 0.6505582864196291 0.7475719510303799 0.7679720376695007 0.7802109879676832 0.8531759509585022 0.8606328307414634 0.8984432160455503 0.9070747322446963 0.9532769690337157 0.9802154214616625 1.007526607573029 1.0428780390992427 1.0589617885235834 1.1321479060612873 1.1846185895907602 1.300172659859942 1.5005412963556826
61 732 -0.29782236210301705 -0.06903102284552383 0.06991817594919794 0.26840109888911823 0.6505582864196291 0.7475719510303799 0.7679720376695007 0.7802109879676832 0.8531759509585022 0.8606328307414634 0.8984432160455503 0.9070747322446963 0.9532769690337157 0.9802154214616625 1.007526607573029 1.0428780390992427 1.0589617885235834 1.1321479060612873 1.1846185895907602 1.300172659859942 1.5005412963556826
62 744 -0.3084771721458471 -0.07027848856727764 0.07115309877334372 0.27540713944780615 0.6505582864196291 0.7475719510303799 0.7679720376695007 0.7802109879676832 0.8531759509585022 0.8606328307414634 0.8984432160455503 0.9070747322446963 0.9532769690337157 0.9802154214616625 1.007526607573029 1.0428780390992427 1.0589617885235834 1.1321479060612873 1.1846185895907602 1.300172659859942 1.5005412963556826
63 756 -0.3217006502859134 -0.07480040238695482 0.07028569894903502 0.2917821848176996 0.6505582864196291 0.7475719510303799 0.7679720376695007 0.7802109879676832 0.8531759509585022 0.8606328307414634 0.8984432160455503 0.9070747322446963 0.9532769690337157 0.9802154214616625 1.007526607573029 1.0428780390992427 1.0589617885235834 1.1321479060612873 1.1846185895907602 1.300172659859942 1.5005412963556826
64 768 -0.3157562679671348 -0.07447150036372877 0.07409314121222507 0.2954963772292626 0.6505582864196291 0.7475719510303799 0.7679720376695007 0.7802109879676832 0.8531759509585022 0.8606328307414634 0.8984432160455503 0.9070747322446963 0.9532769690337157 0.9802154214616625 1.007526607573029 1.0428780390992427 1.0589617885235834 1.1321479060612873 1.1846185895907602 1.300172659859942 1.5005412963556826
65 780 -0.3457220095577716 -0.07943749721635845 0.0769320209263322 0.30080248135117765 0.6505582864196291 0.7475719510303799 0.7679720376695007 0.7802109879676832 0.8531759509585022 0.8606328307414634 0.8984432160455503 0.9070747322446963 0.9532769690337157 0.9802154214616625 1.007526607573029 1.0428780390992427 1.0589617885235834 1.1321479060612873 1.1846185895907602 1.300172659859942 1.5005412963556826
66 792 -0.3521256344158432 -0.08199230453374468 0.07748414817419745 0.28970181253359334 0.6505582864196291 0.7475719510303799 0.7679720376695007 0.7802109879676832 0.8531759509585022 0.8606328307414634 0.8984432160455503 0.9070747322446963 0.9532769690337157 0.9802154214616625 1.007526607573029 1.0428780390992427 1.0589617885235834 1.1321479060612873 1.1846185895907602 1.300172659859942 1.5005412963556826
67 804 -0.35424894990986083 -0.08186600574583522 0.07840609969142678 0.2820351879955938 0.6505582864196291 0.7475719510303799 0.7679720376695007 0.7802109879676832 0.8531759509585022 0.8606328307414634 0.8984432160455503 0.9070747322446963 0.9532769690337157 0.9802154214616625 1.007526607573029 1.0428780390992427 1.0589617885235834 1.1321479060612873 1.1846185895907602 1.300172659859942 1.5005412963556826
68 816 -0.3525566534421486 -0.08616679503437373 0.07567742579592335 0.28081309608540667 0.6505582864196291 0.7475719510303799 0.7679720376695007 0.7802109879676832 0.8531759509585022 0.8606328307414634 0.8984432160455503 0.9070747322446963 0.9532769690337157 0.9802154214616625 1.007526607573029 1.0428780390992427 1.0589617885235834 1.1321479060612873 1.1846185895907602 1.300172659859942 1.5005412963556826
69 828 -0.3457694980826279 -0.08456867669506722 0.07366037331966169 0.2862968736206886 0.6142941949658266 0.7250988793874917 0.7307529302192972 0.76268665567035 0.8034601613905381 0.8542353021080862 0.884950053086007 0.8862645993976692 0.939880321246207 1.0025675416267195 1.0236346708241295 1.0593988070834408 1.1131816521818332 1.1847007952291422 1.2260297568515168 1.3002629228615272 1.4635994310916338
70 840 -0.3506149283094943 -0.08431206965299465 0.07555130789733207 0.2949003742871188 0.6142941949658266 0.7250988793874917 0.7307529302192972 0.76268665567035 0.8034601613905381 0.8542353021080862 0.884950053086007 0.8862645993976692 0.939880321246207 1.0025675416267195 1.0236346708241295 1.0593988070834408 1.1131816521818332 1.1847007952291422 1.2260297568515168 1.3002629228615272 1.4635994310916338
71 852 -0.3512190826871287 -0.07796216840959075 0.0816349988528509 0.29937010043080664 0.6142941949658266 0.7250988793874917 0.7307529302192972 0.76268665567035 0.8034601613905381 0.8542353021080862 0.884950053086007 0.8862645993976692 0.939880321246207 1.0025675416267195 1.0236346708241295 1.0593988070834408 1.1131816521818332 1.1847007952291422 1.2260297568515168 1.3002629228615272 1.4635994310916338
72 864 -0.38430209161162016 -0.07565355463131263 0.077933904934261 0.3074907483805271 0.6142941949658266 0.7250988793874917 0.7307529302192972 0.76268665567035 0.8034601613905381 0.8542353021080862 0.884950053086007 0.8862645993976692 0.939880321246207 1.0025675416267195 1.0236346708241295 1.0593988070834408 1.1131816521818332 1.1847007952291422 1.2260297568515168 1.3002629228615272 1.4635994310916338
73 876 -0.3800866379292468 -0.079723193983363 0.0815164455491929 0.30978749383054704 0.6142941949658266 0.7250988793874917 0.7307529302192972 0.76268665567035 0.8034601613905381 0.8542353021080862 0.884950053086007 0.8862645993976692 0.939880321246207 1.0025675416267195 1.0236346708241295 1.0593988070834408 1.1131816521818332 1.1847007952291422 1.2260297568515168 1.3002629228615272 1.4635994310916338
74 888 -0.38514694699149477 -0.08352653179068807 0.08064798209160598 0.31126336588142484 0.6142941949658266 0.7250988793874917 0.7307529302192972 0.76268665567035 0.8034601613905381 0.8542353021080862 0.884950053086007 0.8862645993976692 0.939880321246207 1.0025675416267195 1.0236346708241295 1.0593988070834408 1.1131816521818332 1.1847007952291422 1.2260297568515168 1.3002629228615272 1.4635994310916338
75 900 -0.39964593794162595 -0.0834287052552263 0.08101923852912647 0.317957964918147 0.6142941949658266 0.7250988793874917 0.7307529302192972 0.76268665567035 0.8034601613905381 0.8542353021080862 0.884950053086007 0.8862645993976692 0.939880321246207 1.0025675416267195 1.0236346708241295 1.0593988070834408 1.1131816521818332 1.1847007952291422 1.2260297568515168 1.3002629228615272 1.4635994310916338
76 912 -0.4069125871622818 -0.07963345194254451 0.08447560859783053 0.3175166308180926 0.6142941949658266 0.7250988793874917 0.7307529302192972 0.76268665567035 0.8034601613905381 0.8542353021080862 0.884950053086007 0.8862645993976692 0.939880321246207 1.0025675416267195 1.0236346708241295 1.0593988070834408 1.1131816521818332 1.1847007952291422 1.2260297568515168 1.3002629228615272 1.4635994310916338
77 924 -0.3983913368192563 -0.08043674348924798 0.08184629928859288 0.31355274573866293 0.6142941949658266 0.7250988793874917 0.7307529302192972 0.76268665567035 0.8034601613905381 0.8542353021080862 0.884950053086007 0.8862645993976692 0.939880321246207 1.0025675416267195 1.0236346708241295 1.0593988070834408 1.1131816521818332 1.1847007952291422 1.2260297568515168 1.3002629228615272 1.4635994310916338
78 936 -0.4095700769297345 -0.07997124639136129 0.07628640638190662 0.3185265842311959 0.6142941949658266 0.7250988793874917 0.7307529302192972 0.76268665567035 0.8034601613905381 0.8542353021080862 0.884950053086007 0.8862645993976692 0.939880321246207 1.0025675416267195 1.0236346708241295 1.0593988070834408 1.1131816521818332 1.1847007952291422 1.2260297568515168 1.3002629228615272 1.4635994310916338
79 948 -0.4058538927066399 -0.08059564995194446 0.0749405204853901 0.32170615257233987 0.6142941949658266 0.7250988793874917 0.7307529302192972 0.76268665567035 0.8034601613905381 0.8542353021080862 0.884950053086007 0.8862645993976692 0.939880321246207 1.0025675416267195 1.0236346708241295 1.0593988070834408 1.1131816521818332 1.1847007952291422 1.2260297568515168 1.3002629228615272 1.4635994310916338
80 960 -0.4153590130742689 -0.0799211354580256 0.07566365620147404 0.3198043265641782 0.6142941949658266 0.7250988793874917 0.7307529302192972 0.76268665567035 0.8034601613905381 0.8542353021080862 0.884950053086007 0.8862645993976692 0.939880321246207 1.0025675416267195 1.0236346708241295 1.0593988070834408 1.1131816521818332 1.1847007952291422 1.2260297568515168 1.3002629228615272 1.4635994310916338
81 972 -0.4121575245868533 -0.08094162226394225 0.07581530373114886 0.324562510139701 0.6142941949658266 0.7250988793874917 0.7307529302192972 0.76268665567035 0.8034601613905381 0.8542353021080862 0.884950053086007 0.8862645993976692 0.939880321246207 1.0025675416267195 1.0236346708241295 1.0593988070834408 1.1131816521818332 1.1847007952291422 1.2260297568515168 1.3002629228615272 1.4635994310916338
82 984 -0.3915570021859876 -0.08061700121217508 0.07470639968459378 0.3265685471144128 0.6142941949658266 0.7250988793874917 0.7307529302192972 0.76268665567035 0.8034601613905381 0.8542353021080862 0.884950053086007 0.8862645993976692 0.939880321246207 1.0025675416267195 1.0236346708241295 1.0593988070834408 1.1131816521818332 1.1847007952291422 1.2260297568515168 1.3002629228615272 1.4635994310916338
83 996 -0.3945146594489514 -0.08379919211117863 0.07174751384439625 0.31670971209826587 0.6142941949658266 0.7250988793874917 0.7307529302192972 0.76268665567035 0.8034601613905381 0.8542353021080862 0.884950053086007 0.8862645993976692 0.939880321246207 1.0025675416267195 1.0236346708241295 1.0593988070834408 1.1131816521818332 1.1847007952291422 1.2260297568515168 1.3002629228615272 1.4635994310916338
84 1008 -0.379090004626282 -0.08849509781927892 0.07177816093527173 0.313995205787109 0.6142941949658266 0.7250988793874917 0.7307529302192972 0.76268665567035 0.8034601613905381 0.8542353021080862 0.884950053086007 0.8862645993976692 0.939880321246207 1.0025675416267195 1.0236346708241295 1.0593988070834408 1.1131816521818332 1.1847007952291422 1.2260297568515168 1.3002629228615272 1.4635994310916338
85 1020 -0.3759391765911903 -0.07719437740602506 0.08098068897192051 0.31853448611352253 0.6142941949658266 0.7250988793874917 0.7307529302192972 0.76268665567035 0.8034601613905381 0.8542353021080862 0.884950053086007 0.8862645993976692 0.939880321246207 1.0025675416267195 1.0236346708241295 1.0593988070834408 1.1131816521818332 1.1847007952291422 1.2260297568515168 1.3002629228615272 1.4635994310916338
86 1032 -0.3670028646137462 -0.07562640294630013 0.08098883574462287 0.31440674082105236 0.6227063235344427 0.6869164748355528 0.7068673737596192 0.7541703675407258 0.7836017620595612 0.8099496942215584 0.850527319836123 0.8961325083145326 0.930464393088631 0.9980566044378034 1.0227239422400558 1.087731739777328 1.1336448745624024 1.186828064884466 1.2225038743603094 1.3754954261019574 1.4505954713355038
87 1044 -0.35453609945252396 -0.07888235715618311 0.08197245325538219 0.3007921692158112 0.6227063235344427 0.6869164748355528 0.7068673737596192 0.7541703675407258 0.7836017620595612 0.8099496942215584 0.850527319836123 0.8961325083145326 0.930464393088631 0.9980566044378034 1.0227239422400558 1.087731739777328 1.1336448745624024 1.186828064884466 1.2225038743603094 1.3754954261019574 1.4505954713355038
88 1056 -0.34514468475910515 -0.07557899614317432 0.0818136906654269 0.30039292966692954 0.6227063235344427 0.6869164748355528 0.7068673737596192 0.7541703675407258 0.7836017620595612 0.8099496942215584 0.850527319836123 0.8961325083145326 0.930464393088631 0.9980566044378034 1.0227239422400558 1.087731739777328 1.1336448745624024 1.186828064884466 1.2225038743603094 1.3754954261019574 1.4505954713355038
89 1068 -0.3395972142742824 -0.06813082779570082 0.07802582146624029 0.28664710887349154 0.6227063235344427 0.6869164748355528 0.7068673737596192 0.7541703675407258 0.7836017620595612 0.8099496942215584 0.850527319836123 0.8961325083145326 0.930464393088631 0.9980566044378034 1.0227239422400558 1.087731739777328 1.1336448745624024 1.186828064884466 1.2225038743603094 1.3754954261019574 1.4505954713355038
90 1080 -0.31585542613855006 -0.07032875674681742 0.07888936836771065 0.30244660706824394 0.6227063235344427 0.6869164748355528 0.7068673737596192 0.7541703675407258 0.7836017620595612 0.8099496942215584 0.850527319836123 0.8961325083145326 0.930464393088631 0.9980566044378034 1.0227239422400558 1.087731739777328 1.1336448745624024 1.186828064884466 1.2225038743603094 1.3754954261019574 1.4505954713355038
91 1092 -0.3109636748021854 -0.06572929218292098 0.08659233872530951 0.3061530761305833 0.6227063235344427 0.6869164748355528 0.7068673737596192 0.7541703675407258 0.7836017620595612 0.8099496942215584 0.850527319836123 0.8961325083145326 0.930464393088631 0.9980566044378034 1.0227239422400558 1.087731739777328 1.1336448745624024 1.186828064884466 1.2225038743603094 1.3754954261019574 1.4505954713355038
92 1104 -0.28992188788193846 -0.06873920041836862 0.08802849462526968 0.30759952599631074 0.6227063235344427 0.6869164748355528 0.7068673737596192 0.7541703675407258 0.7836017620595612 0.8099496942215584 0.850527319836123 0.8961325083145326 0.930464393088631 0.9980566044378034 1.0227239422400558 1.087731739777328 1.1336448745624024 1.186828064884466 1.2225038743603094 1.3754954261019574 1.4505954713355038
93 1116 -0.2827904638723757 -0.06821579842664685 0.07826052975800088 0.30630834596784123 0.6227063235344427 0.6869164748355528 0.7068673737596192 0.7541703675407258 0.7836017620595612 0.8099496942215584 0.850527319836123 0.8961325083145326 0.930464393088631 0.9980566044378034 1.0227239422400558 1.087731739777328 1.1336448745624024 1.186828064884466 1.2225038743603094 1.3754954261019574 1.4505954713355038
94 1128 -0.2960294072239587 -0.06767754310130489 0.0826559372080914 0.30945187206559427 0.6227063235344427 0.6869164748355528 0.7068673737596192 0.7541703675407258 0.7836017620595612 0.8099496942215584 0.850527319836123 0.8961325083145326 0.930464393088631 0.9980566044378034 1.0227239422400558 1.087731739777328 1.1336448745624024 1.186828064884466 1.2225038743603094 1.3754954261019574 1.4505954713355038
95 1140 -0.29001061411458023 -0.08390901622696673 0.08833300133871883 0.32141766968341895 0.6227063235344427 0.6869164748355528 0.7068673737596192 0.7541703675407258 0.7836017620595612 0.8099496942215584 0.850527319836123 0.8961325083145326 0.930464393088631 0.9980566044378034 1.0227239422400558 1.087731739777328 1.1336448745624024 1.186828064884466 1.2225038743603094 1.3754954261019574 1.4505954713355038
96 1152 -0.30746386076895243 -0.08974753604768837 0.0861174021007339 0.3231547934685732 0.6227063235344427 0.6869164748355528 0.7068673737596192 0.7541703675407258 0.7836017620595612 0.8099496942215584 0.850527319836123 0.8961325083145326 0.930464393088631 0.9980566044378034 1.0227239422400558 1.087731739777328 1.1336448745624024 1.186828064884466 1.2225038743603094 1.3754954261019574 1.4505954713355038
97 1164 -0.3284013764133462 -0.08249836981915751 0.09044950562132321 0.3303330264630834 0.6227063235344427 0.6869164748355528 0.7068673737596192 0.7541703675407258 0.7836017620595612 0.8099496942215584 0.850527319836123 0.8961325083145326 0.930464393088631 0.9980566044378034 1.0227239422400558 1.087731739777328 1.1336448745624024 1.186828064884466 1.2225038743603094 1.3754954261019574 1.4505954713355038
98 1176 -0.34656979599304166 -0.07880808747808529 0.09011106573474262 0.3232800770991865 0.6227063235344427 0.6869164748355528 0.7068673737596192 0.7541703675407258 0.7836017620595612 0.8099496942215584 0.850527319836123 0.8961325083145326 0.930464393088631 0.9980566044378034 1.0227239422400558 1.087731739777328 1.1336448745624024 1.186828064884466 1.2225038743603094 1.3754954261019574 1.4505954713355038
99 1188 -0.33685412779889745 -0.07478901777607715 0.08850600629492439 0.32867969050086493 0.6227063235344427 0.6869164748355528 0.7068673737596192 0.7541703675407258 0.7836017620595612 0.8099496942215584 0.850527319836123 0.8961325083145326 0.930464393088631 0.9980566044378034 1.0227239422400558 1.087731739777328 1.1336448745624024 1.186828064884466 1.2225038743603094 1.3754954261019574 1.4505954713355038
100 1200 -0.3217822393695259 -0.07709747251778436 0.08940846411987619 0.33012816653676647 0.6227063235344427 0.6869164748355528 0.7068673737596192 0.7541703675407258 0.7836017620595612 0.8099496942215584 0.850527319836123 0.8961325083145326 0.930464393088631 0.9980566044378034 1.0227239422400558 1.087731739777328 1.1336448745624024 1.186828064884466 1.2225038743603094 1.3754954261019574 1.4505954713355038
101 1212 -0.32289068854439257 -0.07689123495608677 0.09481817577675108 0.3382166676113391 0.6227063235344427 0.6869164748355528 0.7068673737596192 0.7541703675407258 0.7836017620595612 0.8099496942215584 0.850527319836123 0.8961325083145326 0.930464393088631 0.9980566044378034 1.0227239422400558 1.087731739777328 1.1336448745624024 1.186828064884466 1.2225038743603094 1.3754954261019574 1.4505954713355038
102 1224 -0.3236561437549284 -0.07316853964111793 0.09140552199987431 0.34226253883527413 0.6227063235344427 0.6869164748355528 0.7068673737596192 0.7541703675407258 0.7836017620595612 0.8099496942215584 0.850527319836123 0.8961325083145326 0.930464393088631 0.9980566044378034 1.0227239422400558 1.087731739777328 1.1336448745624024 1.186828064884466 1.2225038743603094 1.3754954261019574 1.4505954713355038
103 1236 -0.3122640605708003 -0.07810441547691029 0.08535596515377256 0.34353749822804164 0.5469043659807581 0.6285337015073791 0.6677998991449926 0.7283640563477978 0.7800521444816355 0.7922792299417328 0.8395625526527055 0.8839406720620412 0.958916278199346 0.991470038043892 1.0297618498340348 1.061807294283146 1.1129229971780739 1.1858983871244544 1.3093095645177057 1.3974749522539431 1.4847249429323905
104 1248 -0.30384138932213356 -0.08099323649490653 0.09229335505741279 0.3363146738723991 0.5469043659807581 0.6285337015073791 0.6677998991449926 0.7283640563477978 0.7800521444816355 0.7922792299417328 0.8395625526527055 0.8839406720620412 0.958916278199346 0.991470038043892 1.0297618498340348 1.061807294283146 1.1129229971780739 1.1858983871244544 1.3093095645177057 1.3974749522539431 1.4847249429323905
105 1260 -0.30042979270014325 -0.07525888638647107 0.09433054248553487 0.33250131357410617 0.5469043659807581 0.6285337015073791 0.6677998991449926 0.7283640563477978 0.7800521444816355 0.7922792299417328 0.8395625526527055 0.8839406720620412 0.958916278199346 0.991470038043892 1.0297618498340348 1.061807294283146 1.1129229971780739 1.1858983871244544 1.3093095645177057 1.3974749522539431 1.4847249429323905
106 1272 -0.3040446088220764 -0.07456646546231549 0.09073273597583391 0.34634304693238943 0.5469043659807581 0.6285337015073791 0.6677998991449926 0.7283640563477978 0.7800521444816355 0.7922792299417328 0.8395625526527055 0.8839406720620412 0.958916278199346 0.991470038043892 1.0297618498340348 1.061807294283146 1.1129229971780739 1.1858983871244544 1.3093095645177057 1.3974749522539431 1.4847249429323905
107 1284 -0.30850122665860075 -0.07282700777015155 0.09663200357417531 0.3492032564449882 0.5469043659807581 0.6285337015073791 0.6677998991449926 0.7283640563477978 0.7800521444816355 0.7922792299417328 0.8395625526527055 0.8839406720620412 0.958916278199346 0.991470038043892 1.0297618498340348 1.061807294283146 1.1129229971780739 1.1858983871244544 1.3093095645177057 1.3974749522539431 1.4847249429323905
108 1296 -0.29685291451564705 -0.06267710827647331 0.09634930741308476 0.35185645891348105 0.5469043659807581 0.6285337015073791 0.6677998991449926 0.7283640563477978 0.7800521444816355 0.7922792299417328 0.8395625526527055 0.8839406720620412 0.958916278199346 0.991470038043892 1.0297618498340348 1.061807294283146 1.1129229971780739 1.1858983871244544 1.3093095645177057 1.3974749522539431 1.4847249429323905
109 1308 -0.30926570027806444 -0.07614807716953786 0.09369031557321386 0.34133011264921004 0.5469043659807581 0.6285337015073791 0.6677998991449926 0.7283640563477978 0.7800521444816355 0.7922792299417328 0.8395625526527055 0.8839406720620412 0.958916278199346 0.991470038043892 1.0297618498340348 1.061807294283146 1.1129229971780739 1.1858983871244544 1.3093095645177057 1.3974749522539431 1.4847249429323905
110 1320 -0.3095806582008854 -0.07625563997734613 0.10257660051323597 0.34908122846197465 0.5469043659807581 0.6285337015073791 0.6677998991449926 0.7283640563477978 0.7800521444816355 0.7922792299417328 0.8395625526527055 0.8839406720620412 0.958916278199346 0.991470038043892 1.0297618498340348 1.061807294283146 1.1129229971780739 1.1858983871244544 1.3093095645177057 1.3974749522539431 1.4847249429323905
111 1332 -0.32603943964240184 -0.0768854452751028 0.10935418768452469 0.3467878964587284 0.5469043659807581 0.6285337015073791 0.6677998991449926 0.7283640563477978 0.7800521444816355 0.7922792299417328 0.8395625526527055 0.8839406720620412 0.958916278199346 0.991470038043892 1.0297618498340348 1.061807294283146 1.1129229971780739 1.1858983871244544 1.3093095645177057 1.3974749522539431 1.4847249429323905
112 1344 -0.32807798739874744 -0.08754159296049988 0.10603392960045209 0.35376760883370706 0.5469043659807581 0.6285337015073791 0.6677998991449926 0.7283640563477978 0.7800521444816355 0.7922792299417328 0.8395625526527055 0.8839406720620412 0.958916278199346 0.991470038043892 1.0297618498340348 1.061807294283146 1.1129229971780739 1.1858983871244544 1.3093095645177057 1.3974749522539431 1.4847249429323905
113 1356 -0.33469885515714826 -0.08415128652249909 0.10563323858587659 0.3716938180608851 0.5469043659807581 0.6285337015073791 0.6677998991449926 0.7283640563477978 0.7800521444816355 0.7922792299417328 0.8395625526527055 0.8839406720620412 0.958916278199346 0.991470038043892 1.0297618498340348 1.061807294283146 1.1129229971780739 1.1858983871244544 1.3093095645177057 1.3974749522539431 1.4847249429323905
114 1368 -0.3327343074663557 -0.08173084148476584 0.10370487832624661 0.37661118756126816 0.5469043659807581 0.6285337015073791 0.6677998991449926 0.7283640563477978 0.7800521444816355 0.7922792299417328 0.8395625526527055 0.8839406720620412 0.958916278199346 0.991470038043892 1.0297618498340348 1.061807294283146 1.1129229971780739 1.1858983871244544 1.3093095645177057 1.3974749522539431 1.4847249429323905
115 1380 -0.3207183611689521 -0.07846221115212751 0.11185747385804667 0.37330400065546004 0.5469043659807581 0.6285337015073791 0.6677998991449926 0.7283640563477978 0.7800521444816355 0.7922792299417328 0.8395625526527055 0.8839406720620412 0.958916278199346 0.991470038043892 1.0297618498340348 1.061807294283146 1.1129229971780739 1.1858983871244544 1.3093095645177057 1.3974749522539431 1.4847249429323905
116 1392 -0.327989391748919 -0.07279267572641576 0.09729598193550484 0.3782391643734818 0.5469043659807581 0.6285337015073791 0.6677998991449926 0.7283640563477978 0.7800521444816355 0.7922792299417328 0.8395625526527055 0.8839406720620412 0.958916278199346 0.991470038043892 1.0297618498340348 1.061807294283146 1.1129229971780739 1.1858983871244544 1.3093095645177057 1.3974749522539431 1.4847249429323905
117 1404 -0.31893438659552104 -0.07307239217201184 0.09767520544978192 0.3810769059320822 0.5469043659807581 0.6285337015073791 0.6677998991449926 0.7283640563477978 0.7800521444816355 0.7922792299417328 0.8395625526527055 0.8839406720620412 0.958916278199346 0.991470038043892 1.0297618498340348 1.061807294283146 1.1129229971780739 1.1858983871244544 1.3093095645177057 1.3974749522539431 1.4847249429323905
118 1416 -0.3145926646718429 -0.07224292391429238 0.10543802088216508 0.38190328527013223 0.5469043659807581 0.6285337015073791 0.6677998991449926 0.7283640563477978 0.7800521444816355 0.7922792299417328 0.8395625526527055 0.8839406720620412 0.958916278199346 0.991470038043892 1.0297618498340348 1.061807294283146 1.1129229971780739 1.1858983871244544 1.3093095645177057 1.3974749522539431 1.4847249429323905
119 1428 -0.3073761242724783 -0.07437714700332636 0.09637726238761468 0.3831612664010699 0.5469043659807581 0.6285337015073791 0.6677998991449926 0.7283640563477978 0.7800521444816355 0.7922792299417328 0.8395625526527055 0.8839406720620412 0.958916278199346 0.991470038043892 1.0297618498340348 1.061807294283146 1.1129229971780739 1.1858983871244544 1.3093095645177057 1.3974749522539431 1.4847249429323905
120 1440 -0.30556469709398854 -0.06524072735480588 0.10553390451242886 0.3943594183260347 0.5375172518737957 0.6018961797523101 0.639469084630895 0.6779102636434744 0.7248226101083299 0.7468425464782563 0.8648753525822798 0.8780666153178098 0.9693938468687536 1.0060724666050649 1.0181589596049534 1.0899737634834235 1.1681413529525246 1.1886838846195442 1.274929416023034 1.3483354145300983 1.574988089075182
121 1452 -0.3093610246278945 -0.07000810538560995 0.10769108236069702 0.4028383026999521 0.5375172518737957 0.6018961797523101 0.639469084630895 0.6779102636434744 0.7248226101083299 0.7468425464782563 0.8648753525822798 0.8780666153178098 0.9693938468687536 1.0060724666050649 1.0181589596049534 1.0899737634834235 1.1681413529525246 1.1886838846195442 1.274929416023034 1.3483354145300983 1.574988089075182
122 1464 -0.3090847895372528 -0.06812677845017873 0.10223472003301162 0.3973000397693906 0.5375172518737957 0.6018961797523101 0.639469084630895 0.6779102636434744 0.7248226101083299 0.7468425464782563 0.8648753525822798 0.8780666153178098 0.9693938468687536 1.0060724666050649 1.0181589596049534 1.0899737634834235 1.1681413529525246 1.1886838846195442 1.274929416023034 1.3483354145300983 1.574988089075182
123 1476 -0.3203451173847096 -0.06669974031217886 0.10281890252486321 0.3983489606568254 0.5375172518737957 0.6018961797523101 0.639469084630895 0.6779102636434744 0.7248226101083299 0.7468425464782563 0.8648753525822798 0.8780666153178098 0.9693938468687536 1.0060724666050649 1.0181589596049534 1.0899737634834235 1.1681413529525246 1.1886838846195442 1.274929416023034 1.3483354145300983 1.574988089075182
124 1488 -0.33422395436381647 -0.07065023432699465 0.1035084839797337 0.3842253469965828 0.5375172518737957 0.6018961797523101 0.639469084630895 0.6779102636434744 0.7248226101083299 0.7468425464782563 0.8648753525822798 0.8780666153178098 0.9693938468687536 1.0060724666050649 1.0181589596049534 1.0899737634834235 1.1681413529525246 1.1886838846195442 1.274929416023034 1.3483354145300983 1.574988089075182
125 1500 -0.32372662026814664 -0.07885239707838812 0.10141074420878168 0.3913286546860099 0.5375172518737957 0.6018961797523101 0.639469084630895 0.6779102636434744 0.7248226101083299 0.7468425464782563 0.8648753525822798 0.8780666153178098 0.9693938468687536 1.0060724666050649 1.0181589596049534 1.0899737634834235 1.1681413529525246 1.1886838846195442 1.274929416023034 1.3483354145300983 1.574988089075182
126 1512 -0.32979014928789796 -0.07722421704734918 0.10675512892758232 0.3950806954998447 0.5375172518737957 0.6018961797523101 0.639469084630895 0.6779102636434744 0.7248226101083299 0.7468425464782563 0.8648753525822798 0.8780666153178098 0.9693938468687536 1.0060724666050649 1.0181589596049534 1.0899737634834235 1.1681413529525246 1.1886838846195442 1.274929416023034 1.3483354145300983 1.574988089075182
127 1524 -0.3307423683259877 -0.07383987545456469 0.1046997450460874 0.39716564560991025 0.5375172518737957 0.6018961797523101 0.639469084630895 0.6779102636434744 0.7248226101083299 0.7468425464782563 0.8648753525822798 0.8780666153178098 0.9693938468687536 1.0060724666050649 1.0181589596049534 1.0899737634834235 1.1681413529525246 1.1886838846195442 1.274929416023034 1.3483354145300983 1.574988089075182
128 1536 -0.32814006042290045 -0.07683822186490186 0.10609404695096789 0.3995725390980303 0.5375172518737957 0.6018961797523101 0.639469084630895 0.6779102636434744 0.7248226101083299 0.7468425464782563 0.8648753525822798 0.8780666153178098 0.9693938468687536 1.0060724666050649 1.0181589596049534 1.0899737634834235 1.1681413529525246 1.1886838846195442 1.274929416023034 1.3483354145300983 1.574988089075182
129 1548 -0.32182624657649656 -0.07630552823361662 0.10772068133122373 0.4056644774746049 0.5375172518737957 0.6018961797523101 0.639469084630895 0.6779102636434744 0.7248226101083299 0.7468425464782563 0.8648753525822798 0.8780666153178098 0.9693938468687536 1.0060724666050649 1.0181589596049534 1.0899737634834235 1.1681413529525246 1.1886838846195442 1.274929416023034 1.3483354145300983 1.574988089075182
130 1560 -0.3601449582292168 -0.0718433503298156 0.11668830001502045 0.40443398423327137 0.5375172518737957 0.6018961797523101 0.639469084630895 0.6779102636434744 0.7248226101083299 0.7468425464782563 0.8648753525822798 0.8780666153178098 0.9693938468687536 1.0060724666050649 1.0181589596049534 1.0899737634834235 1.1681413529525246 1.1886838846195442 1.274929416023034 1.3483354145300983 1.574988089075182
131 1572 -0.36064240775988216 -0.0739081156682974 0.1160459332902666 0.40762182967427935 0.5375172518737957 0.6018961797523101 0.639469084630895 0.6779102636434744 0.7248226101083299 0.7468425464782563 0.8648753525822798 0.8780666153178098 0.9693938468687536 1.0060724666050649 1.0181589596049534 1.0899737634834235 1.1681413529525246 1.1886838846195442 1.274929416023034 1.3483354145300983 1.574988089075182
132 1584 -0.3503131478337604 -0.07461794540700478 0.12820531753389708 0.4158299467010819 0.5375172518737957 0.6018961797523101 0.639469084630895 0.6779102636434744 0.7248226101083299 0.7468425464782563 0.8648753525822798 0.8780666153178098 0.9693938468687536 1.0060724666050649 1.0181589596049534 1.0899737634834235 1.1681413529525246 1.1886838846195442 1.274929416023034 1.3483354145300983 1.574988089075182
133 1596 -0.35106038844257054 -0.0814172101631813 0.12208784858430959 0.4199910498056981 0.5375172518737957 0.6018961797523101 0.639469084630895 0.6779102636434744 0.7248226101083299 0.7468425464782563 0.8648753525822798 0.8780666153178098 0.9693938468687536 1.0060724666050649 1.0181589596049534 1.0899737634834235 1.1681413529525246 1.1886838846195442 1.274929416023034 1.3483354145300983 1.574988089075182
134 1608 -0.35741685202068635 -0.08905555437288445 0.12094498530866757 0.41592840177656326 0.5375172518737957 0.6018961797523101 0.639469084630895 0.6779102636434744 0.7248226101083299 0.7468425464782563 0.8648753525822798 0.8780666153178098 0.9693938468687536 1.0060724666050649 1.0181589596049534 1.0899737634834235 1.1681413529525246 1.1886838846195442 1.274929416023034 1.3483354145300983 1.574988089075182
135 1620 -0.3694302876621906 -0.09728424514025169 0.12087869249704422 0.4240061968470813 0.5375172518737957 0.6018961797523101 0.639469084630895 0.6779102636434744 0.7248226101083299 0.7468425464782563 0.8648753525822798 0.8780666153178098 0.9693938468687536 1.0060724666050649 1.0181589596049534 1.0899737634834235 1.1681413529525246 1.1886838846195442 1.274929416023034 1.3483354145300983 1.574988089075182
136 1632 -0.368205341288214 -0.089524337776848 0.11808962447441815 0.40806899405324937 0.5375172518737957 0.6018961797523101 0.639469084630895 0.6779102636434744 0.7248226101083299 0.7468425464782563 0.8648753525822798 0.8780666153178098 0.9693938468687536 1.0060724666050649 1.0181589596049534 1.0899737634834235 1.1681413529525246 1.1886838846195442 1.274929416023034 1.3483354145300983 1.574988089075182
137 1644 -0.371881883105244 -0.08709993418225849 0.12357820197104699 0.41475786062000003 0.48038138204726133 0.5693233893679394 0.6515592049995319 0.674056464293794 0.7190997583837234 0.7567892593721067 0.8325687409050656 0.8574703946928499 0.9502374475208777 0.9909589933560443 1.028850069277914 1.0479526196066704 1.1316521520770622 1.203845843472797 1.3062925682005315 1.3917291255120339 1.622677641384742
138 1656 -0.36589385821135945 -0.09161266884809252 0.1262031212062319 0.4132226027125039 0.48038138204726133 0.5693233893679394 0.6515592049995319 0.674056464293794 0.7190997583837234 0.7567892593721067 0.8325687409050656 0.8574703946928499 0.9502374475208777 0.9909589933560443 1.028850069277914 1.0479526196066704 1.1316521520770622 1.203845843472797 1.3062925682005315 1.3917291255120339 1.622677641384742
139 1668 -0.3679456238452498 -0.0948614230874817 0.12754607847336324 0.40520695469076123 0.48038138204726133 0.5693233893679394 0.6515592049995319 0.674056464293794 0.7190997583837234 0.7567892593721067 0.8325687409050656 0.8574703946928499 0.9502374475208777 0.9909589933560443 1.028850069277914 1.0479526196066704 1.1316521520770622 1.203845843472797 1.3062925682005315 1.3917291255120339 1.622677641384742
140 1680 -0.3780250930037134 -0.09929571422125064 0.12563637681187378 0.4094502399555135 0.48038138204726133 0.5693233893679394 0.6515592049995319 0.674056464293794 0.7190997583837234 0.7567892593721067 0.8325687409050656 0.8574703946928499 0.9502374475208777 0.9909589933560443 1.028850069277914 1.0479526196066704 1.1316521520770622 1.203845843472797 1.3062925682005315 1.3917291255120339 1.622677641384742
141 1692 -0.3742874301625113 -0.09538118578667334 0.12371290065768045 0.4041790665334423 0.48038138204726133 0.5693233893679394 0.6515592049995319 0.674056464293794 0.7190997583837234 0.7567892593721067 0.8325687409050656 0.8574703946928499 0.9502374475208777 0.9909589933560443 1.028850069277914 1.0479526196066704 1.1316521520770622 1.203845843472797 1.3062925682005315 1.3917291255120339 1.622677641384742
142 1704 -0.37682039970547854 -0.0926204946195613 0.12500862622266748 0.4251170427916177 0.48038138204726133 0.5693233893679394 0.6515592049995319 0.674056464293794 0.7190997583837234 0.7567892593721067 0.8325687409050656 0.8574703946928499 0.9502374475208777 0.9909589933560443 1.028850069277914 1.0479526196066704 1.1316521520770622 1.203845843472797 1.3062925682005315 1.3917291255120339 1.622677641384742
143 1716 -0.36831918223480725 -0.09572816868803927 0.12596437910799838 0.4378514935153901 0.48038138204726133 0.5693233893679394 0.6515592049995319 0.674056464293794 0.7190997583837234 0.7567892593721067 0.8325687409050656 0.8574703946928499 0.9502374475208777 0.9909589933560443 1.028850069277914 1.0479526196066704 1.1316521520770622 1.203845843472797 1.3062925682005315 1.3917291255120339 1.622677641384742
144 1728 -0.38389786049544034 -0.09888539404555875 0.1305823204300286 0.46255629296636663 0.48038138204726133 0.5693233893679394 0.6515592049995319 0.674056464293794 0.7190997583837234 0.7567892593721067 0.8325687409050656 0.8574703946928499 0.9502374475208777 0.9909589933560443 1.028850069277914 1.0479526196066704 1.1316521520770622 1.203845843472797 1.3062925682005315 1.3917291255120339 1.622677641384742
145 1740 -0.38374351488074254 -0.10012765900540006 0.1377876622664837 0.453259034926979 0.48038138204726133 0.5693233893679394 0.6515592049995319 0.674056464293794 0.7190997583837234 0.7567892593721067 0.8325687409050656 0.8574703946928499 0.9502374475208777 0.9909589933560443 1.028850069277914 1.0479526196066704 1.1316521520770622 1.203845843472797 1.3062925682005315 1.3917291255120339 1.622677641384742
146 1752 -0.37676468091456916 -0.0985946501344237 0.13441496008000808 0.4689371760415136 0.48038138204726133 0.5693233893679394 0.6515592049995319 0.674056464293794 0.7190997583837234 0.7567892593721067 0.8325687409050656 0.8574703946928499 0.9502374475208777 0.9909589933560443 1.028850069277914 1.0479526196066704 1.1316521520770622 1.203845843472797 1.3062925682005315 1.3917291255120339 1.622677641384742
147 1764 -0.3820992146495662 -0.1034836117796979 0.1331469157485926 0.46541360656238673 0.48038138204726133 0.5693233893679394 0.6515592049995319 0.674056464293794 0.7190997583837234 0.7567892593721067 0.8325687409050656 0.8574703946928499 0.9502374475208777 0.9909589933560443 1.028850069277914 1.0479526196066704 1.1316521520770622 1.203845843472797 1.3062925682005315 1.3917291255120339 1.622677641384742
148 1776 -0.3913212201874372 -0.09773069493400025 0.13121135230088563 0.47655967511146746 0.48038138204726133 0.5693233893679394 0.6515592049995319 0.674056464293794 0.7190997583837234 0.7567892593721067 0.8325687409050656 0.8574703946928499 0.9502374475208777 0.9909589933560443 1.028850069277914 1.0479526196066704 1.1316521520770622 1.203845843472797 1.3062925682005315 1.3917291255120339 1.622677641384742
149 1788 -0.38499091323101975 -0.10220375081996311 0.13422528033200024 0.48309952742470047 0.48038138204726133 0.5693233893679394 0.6515592049995319 0.674056464293794 0.7190997583837234 0.7567892593721067 0.8325687409050656 0.8574703946928499 0.9502374475208777 0.9909589933560443 1.028850069277914 1.0479526196066704 1.1316521520770622 1.203845843472797 1.3062925682005315 1.3917291255120339 1.622677641384742
150 1800 -0.3937880581189774 -0.10622850527653094 0.13063338013861828 0.4865101382287073 0.48038138204726133 0.5693233893679394 0.6515592049995319 0.674056464293794 0.7190997583837234 0.7567892593721067 0.8325687409050656 0.8574703946928499 0.9502374475208777 0.9909589933560443 1.028850069277914 1.0479526196066704 1.1316521520770622 1.203845843472797 1.3062925682005315 1.3917291255120339 1.622677641384742
150 1800 -0.3937880581189774 -0.10622850527653094 0.13063338013861828 0.4865101382287073 0.48038138204726133 0.5693233893679394 0.6515592049995319 0.674056464293794 0.7190997583837234 0.7567892593721067 0.8325687409050656 0.8574703946928499 0.9502374475208777 0.9909589933560443 1.028850069277914 1.0479526196066704 1.1316521520770622 1.203845843472797 1.3062925682005315 1.3917291255120339 1.622677641384742
