% # columns="iteration, evaluation, min max(neg(.)) min(pos(.)) max correlation, correlation matrix principal axes lengths  (sorted square roots of eigenvalues of correlation matrix)", seed=581557, Wed Jan 14 16:33:15 2026
1 12 -0.030171076575449398 -0.007375925087623993 0.007473538502418073 0.029990662453438805 0.9393031792677969 0.9678111217051837 0.9876544952519697 0.991834363376608 0.993936913017934 0.9956830720740856 0.9963611489662434 0.9972237503363396 0.9987189040741588 0.9994413282707523 1.0005977673509512 1.0028776267615873 1.00560369640596 1.01712866185254 1.0193490427161334 1.032935810820571 1.0489366214552114
2 24 -0.030171076575449398 -0.007375925087623993 0.007473538502418073 0.029990662453438805 0.9393031792677969 0.9678111217051837 0.9876544952519697 0.991834363376608 0.993936913017934 0.9956830720740856 0.9963611489662434 0.9972237503363396 0.9987189040741588 0.9994413282707523 1.0005977673509512 1.0028776267615873 1.00560369640596 1.01712866185254 1.0193490427161334 1.032935810820571 1.0489366214552114
3 36 -0.030171076575449398 -0.007375925087623993 0.007473538502418073 0.029990662453438805 0.9393031792677969 0.9678111217051837 0.9876544952519697 0.991834363376608 0.993936913017934 0.9956830720740856 0.9963611489662434 0.9972237503363396 0.9987189040741588 0.9994413282707523 1.0005977673509512 1.0028776267615873 1.00560369640596 1.01712866185254 1.0193490427161334 1.032935810820571 1.0489366214552114
4 48 -0.030171076575449398 -0.007375925087623993 0.007473538502418073 0.029990662453438805 0.9393031792677969 0.9678111217051837 0.9876544952519697 0.991834363376608 0.993936913017934 0.9956830720740856 0.9963611489662434 0.9972237503363396 0.9987189040741588 0.9994413282707523 1.0005977673509512 1.0028776267615873 1.00560369640596 1.01712866185254 1.0193490427161334 1.032935810820571 1.0489366214552114
5 60 -0.030171076575449398 -0.007375925087623993 0.007473538502418073 0.029990662453438805 0.9393031792677969 0.9678111217051837 0.9876544952519697 0.991834363376608 0.993936913017934 0.9956830720740856 0.9963611489662434 0.9972237503363396 0.9987189040741588 0.9994413282707523 1.0005977673509512 1.0028776267615873 1.00560369640596 1.01712866185254 1.0193490427161334 1.032935810820571 1.0489366214552114
6 72 -0.030171076575449398 -0.007375925087623993 0.007473538502418073 0.029990662453438805 0.9393031792677969 0.9678111217051837 0.9876544952519697 0.991834363376608 0.993936913017934 0.9956830720740856 0.9963611489662434 0.9972237503363396 0.9987189040741588 0.9994413282707523 1.0005977673509512 1.0028776267615873 1.00560369640596 1.01712866185254 1.0193490427161334 1.032935810820571 1.0489366214552114
7 84 -0.030171076575449398 -0.007375925087623993 0.007473538502418073 0.029990662453438805 0.9393031792677969 0.9678111217051837 0.9876544952519697 0.991834363376608 0.993936913017934 0.9956830720740856 0.9963611489662434 0.9972237503363396 0.9987189040741588 0.9994413282707523 1.0005977673509512 1.0028776267615873 1.00560369640596 1.01712866185254 1.0193490427161334 1.032935810820571 1.0489366214552114
8 96 -0.030171076575449398 -0.007375925087623993 0.007473538502418073 0.029990662453438805 0.9393031792677969 0.9678111217051837 0.9876544952519697 0.991834363376608 0.993936913017934 0.9956830720740856 0.9963611489662434 0.9972237503363396 0.9987189040741588 0.9994413282707523 1.0005977673509512 1.0028776267615873 1.00560369640596 1.01712866185254 1.0193490427161334 1.032935810820571 1.0489366214552114
9 108 -0.030171076575449398 -0.007375925087623993 0.007473538502418073 0.029990662453438805 0.9393031792677969 0.9678111217051837 0.9876544952519697 0.991834363376608 0.993936913017934 0.9956830720740856 0.9963611489662434 0.9972237503363396 0.9987189040741588 0.9994413282707523 1.0005977673509512 1.0028776267615873 1.00560369640596 1.01712866185254 1.0193490427161334 1.032935810820571 1.0489366214552114
10 120 -0.030171076575449398 -0.007375925087623993 0.007473538502418073 0.029990662453438805 0.9393031792677969 0.9678111217051837 0.9876544952519697 0.991834363376608 0.993936913017934 0.9956830720740856 0.9963611489662434 0.9972237503363396 0.9987189040741588 0.9994413282707523 1.0005977673509512 1.0028776267615873 1.00560369640596 1.01712866185254 1.0193490427161334 1.032935810820571 1.0489366214552114
11 132 -0.030171076575449398 -0.007375925087623993 0.007473538502418073 0.029990662453438805 0.9393031792677969 0.9678111217051837 0.9876544952519697 0.991834363376608 0.993936913017934 0.9956830720740856 0.9963611489662434 0.9972237503363396 0.9987189040741588 0.9994413282707523 1.0005977673509512 1.0028776267615873 1.00560369640596 1.01712866185254 1.0193490427161334 1.032935810820571 1.0489366214552114
12 144 -0.030171076575449398 -0.007375925087623993 0.007473538502418073 0.029990662453438805 0.9393031792677969 0.9678111217051837 0.9876544952519697 0.991834363376608 0.993936913017934 0.9956830720740856 0.9963611489662434 0.9972237503363396 0.9987189040741588 0.9994413282707523 1.0005977673509512 1.0028776267615873 1.00560369640596 1.01712866185254 1.0193490427161334 1.032935810820571 1.0489366214552114
13 156 -0.030171076575449398 -0.007375925087623993 0.007473538502418073 0.029990662453438805 0.9393031792677969 0.9678111217051837 0.9876544952519697 0.991834363376608 0.993936913017934 0.9956830720740856 0.9963611489662434 0.9972237503363396 0.9987189040741588 0.9994413282707523 1.0005977673509512 1.0028776267615873 1.00560369640596 1.01712866185254 1.0193490427161334 1.032935810820571 1.0489366214552114
14 168 -0.030171076575449398 -0.007375925087623993 0.007473538502418073 0.029990662453438805 0.9393031792677969 0.9678111217051837 0.9876544952519697 0.991834363376608 0.993936913017934 0.9956830720740856 0.9963611489662434 0.9972237503363396 0.9987189040741588 0.9994413282707523 1.0005977673509512 1.0028776267615873 1.00560369640596 1.01712866185254 1.0193490427161334 1.032935810820571 1.0489366214552114
15 180 -0.030171076575449398 -0.007375925087623993 0.007473538502418073 0.029990662453438805 0.9393031792677969 0.9678111217051837 0.9876544952519697 0.991834363376608 0.993936913017934 0.9956830720740856 0.9963611489662434 0.9972237503363396 0.9987189040741588 0.9994413282707523 1.0005977673509512 1.0028776267615873 1.00560369640596 1.01712866185254 1.0193490427161334 1.032935810820571 1.0489366214552114
16 192 -0.030171076575449398 -0.007375925087623993 0.007473538502418073 0.029990662453438805 0.9393031792677969 0.9678111217051837 0.9876544952519697 0.991834363376608 0.993936913017934 0.9956830720740856 0.9963611489662434 0.9972237503363396 0.9987189040741588 0.9994413282707523 1.0005977673509512 1.0028776267615873 1.00560369640596 1.01712866185254 1.0193490427161334 1.032935810820571 1.0489366214552114
17 204 -0.030171076575449398 -0.007375925087623993 0.007473538502418073 0.029990662453438805 0.9393031792677969 0.9678111217051837 0.9876544952519697 0.991834363376608 0.993936913017934 0.9956830720740856 0.9963611489662434 0.9972237503363396 0.9987189040741588 0.9994413282707523 1.0005977673509512 1.0028776267615873 1.00560369640596 1.01712866185254 1.0193490427161334 1.032935810820571 1.0489366214552114
18 216 -0.18810881396420792 -0.03536400975035395 0.04314865928429082 0.14580423470024811 0.6356621679035519 0.7725182959791607 0.8982750749525054 0.9248591054074768 0.9307533349540345 0.942457870581713 0.9630471240696618 0.9914578757882472 0.997095481457952 1.041212076298203 1.0481759036505962 1.0544003616896875 1.084099811808919 1.1062287342764452 1.128023812392413 1.1537675794904623 1.1749565636813715
19 228 -0.18810881396420792 -0.03536400975035395 0.04314865928429082 0.14580423470024811 0.6356621679035519 0.7725182959791607 0.8982750749525054 0.9248591054074768 0.9307533349540345 0.942457870581713 0.9630471240696618 0.9914578757882472 0.997095481457952 1.041212076298203 1.0481759036505962 1.0544003616896875 1.084099811808919 1.1062287342764452 1.128023812392413 1.1537675794904623 1.1749565636813715
20 240 -0.18810881396420792 -0.03536400975035395 0.04314865928429082 0.14580423470024811 0.6356621679035519 0.7725182959791607 0.8982750749525054 0.9248591054074768 0.9307533349540345 0.942457870581713 0.9630471240696618 0.9914578757882472 0.997095481457952 1.041212076298203 1.0481759036505962 1.0544003616896875 1.084099811808919 1.1062287342764452 1.128023812392413 1.1537675794904623 1.1749565636813715
21 252 -0.18810881396420792 -0.03536400975035395 0.04314865928429082 0.14580423470024811 0.6356621679035519 0.7725182959791607 0.8982750749525054 0.9248591054074768 0.9307533349540345 0.942457870581713 0.9630471240696618 0.9914578757882472 0.997095481457952 1.041212076298203 1.0481759036505962 1.0544003616896875 1.084099811808919 1.1062287342764452 1.128023812392413 1.1537675794904623 1.1749565636813715
22 264 -0.18810881396420792 -0.03536400975035395 0.04314865928429082 0.14580423470024811 0.6356621679035519 0.7725182959791607 0.8982750749525054 0.9248591054074768 0.9307533349540345 0.942457870581713 0.9630471240696618 0.9914578757882472 0.997095481457952 1.041212076298203 1.0481759036505962 1.0544003616896875 1.084099811808919 1.1062287342764452 1.128023812392413 1.1537675794904623 1.1749565636813715
23 276 -0.18810881396420792 -0.03536400975035395 0.04314865928429082 0.14580423470024811 0.6356621679035519 0.7725182959791607 0.8982750749525054 0.9248591054074768 0.9307533349540345 0.942457870581713 0.9630471240696618 0.9914578757882472 0.997095481457952 1.041212076298203 1.0481759036505962 1.0544003616896875 1.084099811808919 1.1062287342764452 1.128023812392413 1.1537675794904623 1.1749565636813715
24 288 -0.18810881396420792 -0.03536400975035395 0.04314865928429082 0.14580423470024811 0.6356621679035519 0.7725182959791607 0.8982750749525054 0.9248591054074768 0.9307533349540345 0.942457870581713 0.9630471240696618 0.9914578757882472 0.997095481457952 1.041212076298203 1.0481759036505962 1.0544003616896875 1.084099811808919 1.1062287342764452 1.128023812392413 1.1537675794904623 1.1749565636813715
25 300 -0.18810881396420792 -0.03536400975035395 0.04314865928429082 0.14580423470024811 0.6356621679035519 0.7725182959791607 0.8982750749525054 0.9248591054074768 0.9307533349540345 0.942457870581713 0.9630471240696618 0.9914578757882472 0.997095481457952 1.041212076298203 1.0481759036505962 1.0544003616896875 1.084099811808919 1.1062287342764452 1.128023812392413 1.1537675794904623 1.1749565636813715
26 312 -0.18810881396420792 -0.03536400975035395 0.04314865928429082 0.14580423470024811 0.6356621679035519 0.7725182959791607 0.8982750749525054 0.9248591054074768 0.9307533349540345 0.942457870581713 0.9630471240696618 0.9914578757882472 0.997095481457952 1.041212076298203 1.0481759036505962 1.0544003616896875 1.084099811808919 1.1062287342764452 1.128023812392413 1.1537675794904623 1.1749565636813715
27 324 -0.18810881396420792 -0.03536400975035395 0.04314865928429082 0.14580423470024811 0.6356621679035519 0.7725182959791607 0.8982750749525054 0.9248591054074768 0.9307533349540345 0.942457870581713 0.9630471240696618 0.9914578757882472 0.997095481457952 1.041212076298203 1.0481759036505962 1.0544003616896875 1.084099811808919 1.1062287342764452 1.128023812392413 1.1537675794904623 1.1749565636813715
28 336 -0.18810881396420792 -0.03536400975035395 0.04314865928429082 0.14580423470024811 0.6356621679035519 0.7725182959791607 0.8982750749525054 0.9248591054074768 0.9307533349540345 0.942457870581713 0.9630471240696618 0.9914578757882472 0.997095481457952 1.041212076298203 1.0481759036505962 1.0544003616896875 1.084099811808919 1.1062287342764452 1.128023812392413 1.1537675794904623 1.1749565636813715
29 348 -0.18810881396420792 -0.03536400975035395 0.04314865928429082 0.14580423470024811 0.6356621679035519 0.7725182959791607 0.8982750749525054 0.9248591054074768 0.9307533349540345 0.942457870581713 0.9630471240696618 0.9914578757882472 0.997095481457952 1.041212076298203 1.0481759036505962 1.0544003616896875 1.084099811808919 1.1062287342764452 1.128023812392413 1.1537675794904623 1.1749565636813715
30 360 -0.18810881396420792 -0.03536400975035395 0.04314865928429082 0.14580423470024811 0.6356621679035519 0.7725182959791607 0.8982750749525054 0.9248591054074768 0.9307533349540345 0.942457870581713 0.9630471240696618 0.9914578757882472 0.997095481457952 1.041212076298203 1.0481759036505962 1.0544003616896875 1.084099811808919 1.1062287342764452 1.128023812392413 1.1537675794904623 1.1749565636813715
31 372 -0.18810881396420792 -0.03536400975035395 0.04314865928429082 0.14580423470024811 0.6356621679035519 0.7725182959791607 0.8982750749525054 0.9248591054074768 0.9307533349540345 0.942457870581713 0.9630471240696618 0.9914578757882472 0.997095481457952 1.041212076298203 1.0481759036505962 1.0544003616896875 1.084099811808919 1.1062287342764452 1.128023812392413 1.1537675794904623 1.1749565636813715
32 384 -0.18810881396420792 -0.03536400975035395 0.04314865928429082 0.14580423470024811 0.6356621679035519 0.7725182959791607 0.8982750749525054 0.9248591054074768 0.9307533349540345 0.942457870581713 0.9630471240696618 0.9914578757882472 0.997095481457952 1.041212076298203 1.0481759036505962 1.0544003616896875 1.084099811808919 1.1062287342764452 1.128023812392413 1.1537675794904623 1.1749565636813715
33 396 -0.18810881396420792 -0.03536400975035395 0.04314865928429082 0.14580423470024811 0.6356621679035519 0.7725182959791607 0.8982750749525054 0.9248591054074768 0.9307533349540345 0.942457870581713 0.9630471240696618 0.9914578757882472 0.997095481457952 1.041212076298203 1.0481759036505962 1.0544003616896875 1.084099811808919 1.1062287342764452 1.128023812392413 1.1537675794904623 1.1749565636813715
34 408 -0.18810881396420792 -0.03536400975035395 0.04314865928429082 0.14580423470024811 0.6356621679035519 0.7725182959791607 0.8982750749525054 0.9248591054074768 0.9307533349540345 0.942457870581713 0.9630471240696618 0.9914578757882472 0.997095481457952 1.041212076298203 1.0481759036505962 1.0544003616896875 1.084099811808919 1.1062287342764452 1.128023812392413 1.1537675794904623 1.1749565636813715
35 420 -0.22869683516378672 -0.044209082531511915 0.05012460672242494 0.1602644884486764 0.6139658789793149 0.7193936586887864 0.8334710645127955 0.8880184471507457 0.9127433696095438 0.9323450390374128 0.9655537630101925 0.9864381551635579 0.9969845779170657 1.0106223851660434 1.0433498275488722 1.061716928251272 1.1057765146395544 1.1171679438612934 1.17014469625687 1.189240150678142 1.2365482756247121
36 432 -0.22869683516378672 -0.044209082531511915 0.05012460672242494 0.1602644884486764 0.6139658789793149 0.7193936586887864 0.8334710645127955 0.8880184471507457 0.9127433696095438 0.9323450390374128 0.9655537630101925 0.9864381551635579 0.9969845779170657 1.0106223851660434 1.0433498275488722 1.061716928251272 1.1057765146395544 1.1171679438612934 1.17014469625687 1.189240150678142 1.2365482756247121
37 444 -0.22869683516378672 -0.044209082531511915 0.05012460672242494 0.1602644884486764 0.6139658789793149 0.7193936586887864 0.8334710645127955 0.8880184471507457 0.9127433696095438 0.9323450390374128 0.9655537630101925 0.9864381551635579 0.9969845779170657 1.0106223851660434 1.0433498275488722 1.061716928251272 1.1057765146395544 1.1171679438612934 1.17014469625687 1.189240150678142 1.2365482756247121
38 456 -0.22869683516378672 -0.044209082531511915 0.05012460672242494 0.1602644884486764 0.6139658789793149 0.7193936586887864 0.8334710645127955 0.8880184471507457 0.9127433696095438 0.9323450390374128 0.9655537630101925 0.9864381551635579 0.9969845779170657 1.0106223851660434 1.0433498275488722 1.061716928251272 1.1057765146395544 1.1171679438612934 1.17014469625687 1.189240150678142 1.2365482756247121
39 468 -0.22869683516378672 -0.044209082531511915 0.05012460672242494 0.1602644884486764 0.6139658789793149 0.7193936586887864 0.8334710645127955 0.8880184471507457 0.9127433696095438 0.9323450390374128 0.9655537630101925 0.9864381551635579 0.9969845779170657 1.0106223851660434 1.0433498275488722 1.061716928251272 1.1057765146395544 1.1171679438612934 1.17014469625687 1.189240150678142 1.2365482756247121
40 480 -0.22869683516378672 -0.044209082531511915 0.05012460672242494 0.1602644884486764 0.6139658789793149 0.7193936586887864 0.8334710645127955 0.8880184471507457 0.9127433696095438 0.9323450390374128 0.9655537630101925 0.9864381551635579 0.9969845779170657 1.0106223851660434 1.0433498275488722 1.061716928251272 1.1057765146395544 1.1171679438612934 1.17014469625687 1.189240150678142 1.2365482756247121
41 492 -0.22869683516378672 -0.044209082531511915 0.05012460672242494 0.1602644884486764 0.6139658789793149 0.7193936586887864 0.8334710645127955 0.8880184471507457 0.9127433696095438 0.9323450390374128 0.9655537630101925 0.9864381551635579 0.9969845779170657 1.0106223851660434 1.0433498275488722 1.061716928251272 1.1057765146395544 1.1171679438612934 1.17014469625687 1.189240150678142 1.2365482756247121
42 504 -0.22869683516378672 -0.044209082531511915 0.05012460672242494 0.1602644884486764 0.6139658789793149 0.7193936586887864 0.8334710645127955 0.8880184471507457 0.9127433696095438 0.9323450390374128 0.9655537630101925 0.9864381551635579 0.9969845779170657 1.0106223851660434 1.0433498275488722 1.061716928251272 1.1057765146395544 1.1171679438612934 1.17014469625687 1.189240150678142 1.2365482756247121
43 516 -0.22869683516378672 -0.044209082531511915 0.05012460672242494 0.1602644884486764 0.6139658789793149 0.7193936586887864 0.8334710645127955 0.8880184471507457 0.9127433696095438 0.9323450390374128 0.9655537630101925 0.9864381551635579 0.9969845779170657 1.0106223851660434 1.0433498275488722 1.061716928251272 1.1057765146395544 1.1171679438612934 1.17014469625687 1.189240150678142 1.2365482756247121
44 528 -0.22869683516378672 -0.044209082531511915 0.05012460672242494 0.1602644884486764 0.6139658789793149 0.7193936586887864 0.8334710645127955 0.8880184471507457 0.9127433696095438 0.9323450390374128 0.9655537630101925 0.9864381551635579 0.9969845779170657 1.0106223851660434 1.0433498275488722 1.061716928251272 1.1057765146395544 1.1171679438612934 1.17014469625687 1.189240150678142 1.2365482756247121
45 540 -0.22869683516378672 -0.044209082531511915 0.05012460672242494 0.1602644884486764 0.6139658789793149 0.7193936586887864 0.8334710645127955 0.8880184471507457 0.9127433696095438 0.9323450390374128 0.9655537630101925 0.9864381551635579 0.9969845779170657 1.0106223851660434 1.0433498275488722 1.061716928251272 1.1057765146395544 1.1171679438612934 1.17014469625687 1.189240150678142 1.2365482756247121
46 552 -0.22869683516378672 -0.044209082531511915 0.05012460672242494 0.1602644884486764 0.6139658789793149 0.7193936586887864 0.8334710645127955 0.8880184471507457 0.9127433696095438 0.9323450390374128 0.9655537630101925 0.9864381551635579 0.9969845779170657 1.0106223851660434 1.0433498275488722 1.061716928251272 1.1057765146395544 1.1171679438612934 1.17014469625687 1.189240150678142 1.2365482756247121
47 564 -0.22869683516378672 -0.044209082531511915 0.05012460672242494 0.1602644884486764 0.6139658789793149 0.7193936586887864 0.8334710645127955 0.8880184471507457 0.9127433696095438 0.9323450390374128 0.9655537630101925 0.9864381551635579 0.9969845779170657 1.0106223851660434 1.0433498275488722 1.061716928251272 1.1057765146395544 1.1171679438612934 1.17014469625687 1.189240150678142 1.2365482756247121
48 576 -0.22869683516378672 -0.044209082531511915 0.05012460672242494 0.1602644884486764 0.6139658789793149 0.7193936586887864 0.8334710645127955 0.8880184471507457 0.9127433696095438 0.9323450390374128 0.9655537630101925 0.9864381551635579 0.9969845779170657 1.0106223851660434 1.0433498275488722 1.061716928251272 1.1057765146395544 1.1171679438612934 1.17014469625687 1.189240150678142 1.2365482756247121
49 588 -0.22869683516378672 -0.044209082531511915 0.05012460672242494 0.1602644884486764 0.6139658789793149 0.7193936586887864 0.8334710645127955 0.8880184471507457 0.9127433696095438 0.9323450390374128 0.9655537630101925 0.9864381551635579 0.9969845779170657 1.0106223851660434 1.0433498275488722 1.061716928251272 1.1057765146395544 1.1171679438612934 1.17014469625687 1.189240150678142 1.2365482756247121
50 600 -0.22869683516378672 -0.044209082531511915 0.05012460672242494 0.1602644884486764 0.6139658789793149 0.7193936586887864 0.8334710645127955 0.8880184471507457 0.9127433696095438 0.9323450390374128 0.9655537630101925 0.9864381551635579 0.9969845779170657 1.0106223851660434 1.0433498275488722 1.061716928251272 1.1057765146395544 1.1171679438612934 1.17014469625687 1.189240150678142 1.2365482756247121
51 612 -0.22869683516378672 -0.044209082531511915 0.05012460672242494 0.1602644884486764 0.6139658789793149 0.7193936586887864 0.8334710645127955 0.8880184471507457 0.9127433696095438 0.9323450390374128 0.9655537630101925 0.9864381551635579 0.9969845779170657 1.0106223851660434 1.0433498275488722 1.061716928251272 1.1057765146395544 1.1171679438612934 1.17014469625687 1.189240150678142 1.2365482756247121
52 624 -0.2623099544091703 -0.045671163419279355 0.04456483483838161 0.225930848773719 0.6352560800994317 0.7202993032152236 0.7600833567460906 0.8733159777649583 0.8830874257609904 0.9015529145715185 0.9591770951228779 0.9878101489669958 1.007319666235073 1.0330893661352545 1.0428617430779739 1.0934489737195032 1.1149354638157574 1.1275908252615547 1.171591933560311 1.1982377290745228 1.249271458564297
53 636 -0.2623099544091703 -0.045671163419279355 0.04456483483838161 0.225930848773719 0.6352560800994317 0.7202993032152236 0.7600833567460906 0.8733159777649583 0.8830874257609904 0.9015529145715185 0.9591770951228779 0.9878101489669958 1.007319666235073 1.0330893661352545 1.0428617430779739 1.0934489737195032 1.1149354638157574 1.1275908252615547 1.171591933560311 1.1982377290745228 1.249271458564297
54 648 -0.2623099544091703 -0.045671163419279355 0.04456483483838161 0.225930848773719 0.6352560800994317 0.7202993032152236 0.7600833567460906 0.8733159777649583 0.8830874257609904 0.9015529145715185 0.9591770951228779 0.9878101489669958 1.007319666235073 1.0330893661352545 1.0428617430779739 1.0934489737195032 1.1149354638157574 1.1275908252615547 1.171591933560311 1.1982377290745228 1.249271458564297
55 660 -0.2623099544091703 -0.045671163419279355 0.04456483483838161 0.225930848773719 0.6352560800994317 0.7202993032152236 0.7600833567460906 0.8733159777649583 0.8830874257609904 0.9015529145715185 0.9591770951228779 0.9878101489669958 1.007319666235073 1.0330893661352545 1.0428617430779739 1.0934489737195032 1.1149354638157574 1.1275908252615547 1.171591933560311 1.1982377290745228 1.249271458564297
56 672 -0.2623099544091703 -0.045671163419279355 0.04456483483838161 0.225930848773719 0.6352560800994317 0.7202993032152236 0.7600833567460906 0.8733159777649583 0.8830874257609904 0.9015529145715185 0.9591770951228779 0.9878101489669958 1.007319666235073 1.0330893661352545 1.0428617430779739 1.0934489737195032 1.1149354638157574 1.1275908252615547 1.171591933560311 1.1982377290745228 1.249271458564297
57 684 -0.2623099544091703 -0.045671163419279355 0.04456483483838161 0.225930848773719 0.6352560800994317 0.7202993032152236 0.7600833567460906 0.8733159777649583 0.8830874257609904 0.9015529145715185 0.9591770951228779 0.9878101489669958 1.007319666235073 1.0330893661352545 1.0428617430779739 1.0934489737195032 1.1149354638157574 1.1275908252615547 1.171591933560311 1.1982377290745228 1.249271458564297
58 696 -0.2623099544091703 -0.045671163419279355 0.04456483483838161 0.225930848773719 0.6352560800994317 0.7202993032152236 0.7600833567460906 0.8733159777649583 0.8830874257609904 0.9015529145715185 0.9591770951228779 0.9878101489669958 1.007319666235073 1.0330893661352545 1.0428617430779739 1.0934489737195032 1.1149354638157574 1.1275908252615547 1.171591933560311 1.1982377290745228 1.249271458564297
59 708 -0.2623099544091703 -0.045671163419279355 0.04456483483838161 0.225930848773719 0.6352560800994317 0.7202993032152236 0.7600833567460906 0.8733159777649583 0.8830874257609904 0.9015529145715185 0.9591770951228779 0.9878101489669958 1.007319666235073 1.0330893661352545 1.0428617430779739 1.0934489737195032 1.1149354638157574 1.1275908252615547 1.171591933560311 1.1982377290745228 1.249271458564297
60 720 -0.2623099544091703 -0.045671163419279355 0.04456483483838161 0.225930848773719 0.6352560800994317 0.7202993032152236 0.7600833567460906 0.8733159777649583 0.8830874257609904 0.9015529145715185 0.9591770951228779 0.9878101489669958 1.007319666235073 1.0330893661352545 1.0428617430779739 1.0934489737195032 1.1149354638157574 1.1275908252615547 1.171591933560311 1.1982377290745228 1.249271458564297
61 732 -0.2623099544091703 -0.045671163419279355 0.04456483483838161 0.225930848773719 0.6352560800994317 0.7202993032152236 0.7600833567460906 0.8733159777649583 0.8830874257609904 0.9015529145715185 0.9591770951228779 0.9878101489669958 1.007319666235073 1.0330893661352545 1.0428617430779739 1.0934489737195032 1.1149354638157574 1.1275908252615547 1.171591933560311 1.1982377290745228 1.249271458564297
62 744 -0.2623099544091703 -0.045671163419279355 0.04456483483838161 0.225930848773719 0.6352560800994317 0.7202993032152236 0.7600833567460906 0.8733159777649583 0.8830874257609904 0.9015529145715185 0.9591770951228779 0.9878101489669958 1.007319666235073 1.0330893661352545 1.0428617430779739 1.0934489737195032 1.1149354638157574 1.1275908252615547 1.171591933560311 1.1982377290745228 1.249271458564297
63 756 -0.2623099544091703 -0.045671163419279355 0.04456483483838161 0.225930848773719 0.6352560800994317 0.7202993032152236 0.7600833567460906 0.8733159777649583 0.8830874257609904 0.9015529145715185 0.9591770951228779 0.9878101489669958 1.007319666235073 1.0330893661352545 1.0428617430779739 1.0934489737195032 1.1149354638157574 1.1275908252615547 1.171591933560311 1.1982377290745228 1.249271458564297
64 768 -0.2623099544091703 -0.045671163419279355 0.04456483483838161 0.225930848773719 0.6352560800994317 0.7202993032152236 0.7600833567460906 0.8733159777649583 0.8830874257609904 0.9015529145715185 0.9591770951228779 0.9878101489669958 1.007319666235073 1.0330893661352545 1.0428617430779739 1.0934489737195032 1.1149354638157574 1.1275908252615547 1.171591933560311 1.1982377290745228 1.249271458564297
65 780 -0.2623099544091703 -0.045671163419279355 0.04456483483838161 0.225930848773719 0.6352560800994317 0.7202993032152236 0.7600833567460906 0.8733159777649583 0.8830874257609904 0.9015529145715185 0.9591770951228779 0.9878101489669958 1.007319666235073 1.0330893661352545 1.0428617430779739 1.0934489737195032 1.1149354638157574 1.1275908252615547 1.171591933560311 1.1982377290745228 1.249271458564297
66 792 -0.2623099544091703 -0.045671163419279355 0.04456483483838161 0.225930848773719 0.6352560800994317 0.7202993032152236 0.7600833567460906 0.8733159777649583 0.8830874257609904 0.9015529145715185 0.9591770951228779 0.9878101489669958 1.007319666235073 1.0330893661352545 1.0428617430779739 1.0934489737195032 1.1149354638157574 1.1275908252615547 1.171591933560311 1.1982377290745228 1.249271458564297
67 804 -0.2623099544091703 -0.045671163419279355 0.04456483483838161 0.225930848773719 0.6352560800994317 0.7202993032152236 0.7600833567460906 0.8733159777649583 0.8830874257609904 0.9015529145715185 0.9591770951228779 0.9878101489669958 1.007319666235073 1.0330893661352545 1.0428617430779739 1.0934489737195032 1.1149354638157574 1.1275908252615547 1.171591933560311 1.1982377290745228 1.249271458564297
68 816 -0.2623099544091703 -0.045671163419279355 0.04456483483838161 0.225930848773719 0.6352560800994317 0.7202993032152236 0.7600833567460906 0.8733159777649583 0.8830874257609904 0.9015529145715185 0.9591770951228779 0.9878101489669958 1.007319666235073 1.0330893661352545 1.0428617430779739 1.0934489737195032 1.1149354638157574 1.1275908252615547 1.171591933560311 1.1982377290745228 1.249271458564297
69 828 -0.3526690167901525 -0.0658169798030964 0.059139172846844994 0.2721645575918596 0.5351250574259163 0.7172547946732485 0.7349756190533573 0.7676900363215027 0.8647985382423165 0.9082977639968753 0.9254353098286404 0.9638938101511894 0.9887214748463823 1.023716670778122 1.0444342316275539 1.0697851056962417 1.1016270210422612 1.1724104243783533 1.2175676360839736 1.2816967863346782 1.3179725109319036
70 840 -0.3526690167901525 -0.0658169798030964 0.059139172846844994 0.2721645575918596 0.5351250574259163 0.7172547946732485 0.7349756190533573 0.7676900363215027 0.8647985382423165 0.9082977639968753 0.9254353098286404 0.9638938101511894 0.9887214748463823 1.023716670778122 1.0444342316275539 1.0697851056962417 1.1016270210422612 1.1724104243783533 1.2175676360839736 1.2816967863346782 1.3179725109319036
71 852 -0.3526690167901525 -0.0658169798030964 0.059139172846844994 0.2721645575918596 0.5351250574259163 0.7172547946732485 0.7349756190533573 0.7676900363215027 0.8647985382423165 0.9082977639968753 0.9254353098286404 0.9638938101511894 0.9887214748463823 1.023716670778122 1.0444342316275539 1.0697851056962417 1.1016270210422612 1.1724104243783533 1.2175676360839736 1.2816967863346782 1.3179725109319036
72 864 -0.3526690167901525 -0.0658169798030964 0.059139172846844994 0.2721645575918596 0.5351250574259163 0.7172547946732485 0.7349756190533573 0.7676900363215027 0.8647985382423165 0.9082977639968753 0.9254353098286404 0.9638938101511894 0.9887214748463823 1.023716670778122 1.0444342316275539 1.0697851056962417 1.1016270210422612 1.1724104243783533 1.2175676360839736 1.2816967863346782 1.3179725109319036
73 876 -0.3526690167901525 -0.0658169798030964 0.059139172846844994 0.2721645575918596 0.5351250574259163 0.7172547946732485 0.7349756190533573 0.7676900363215027 0.8647985382423165 0.9082977639968753 0.9254353098286404 0.9638938101511894 0.9887214748463823 1.023716670778122 1.0444342316275539 1.0697851056962417 1.1016270210422612 1.1724104243783533 1.2175676360839736 1.2816967863346782 1.3179725109319036
74 888 -0.3526690167901525 -0.0658169798030964 0.059139172846844994 0.2721645575918596 0.5351250574259163 0.7172547946732485 0.7349756190533573 0.7676900363215027 0.8647985382423165 0.9082977639968753 0.9254353098286404 0.9638938101511894 0.9887214748463823 1.023716670778122 1.0444342316275539 1.0697851056962417 1.1016270210422612 1.1724104243783533 1.2175676360839736 1.2816967863346782 1.3179725109319036
75 900 -0.3526690167901525 -0.0658169798030964 0.059139172846844994 0.2721645575918596 0.5351250574259163 0.7172547946732485 0.7349756190533573 0.7676900363215027 0.8647985382423165 0.9082977639968753 0.9254353098286404 0.9638938101511894 0.9887214748463823 1.023716670778122 1.0444342316275539 1.0697851056962417 1.1016270210422612 1.1724104243783533 1.2175676360839736 1.2816967863346782 1.3179725109319036
76 912 -0.3526690167901525 -0.0658169798030964 0.059139172846844994 0.2721645575918596 0.5351250574259163 0.7172547946732485 0.7349756190533573 0.7676900363215027 0.8647985382423165 0.9082977639968753 0.9254353098286404 0.9638938101511894 0.9887214748463823 1.023716670778122 1.0444342316275539 1.0697851056962417 1.1016270210422612 1.1724104243783533 1.2175676360839736 1.2816967863346782 1.3179725109319036
77 924 -0.3526690167901525 -0.0658169798030964 0.059139172846844994 0.2721645575918596 0.5351250574259163 0.7172547946732485 0.7349756190533573 0.7676900363215027 0.8647985382423165 0.9082977639968753 0.9254353098286404 0.9638938101511894 0.9887214748463823 1.023716670778122 1.0444342316275539 1.0697851056962417 1.1016270210422612 1.1724104243783533 1.2175676360839736 1.2816967863346782 1.3179725109319036
78 936 -0.3526690167901525 -0.0658169798030964 0.059139172846844994 0.2721645575918596 0.5351250574259163 0.7172547946732485 0.7349756190533573 0.7676900363215027 0.8647985382423165 0.9082977639968753 0.9254353098286404 0.9638938101511894 0.9887214748463823 1.023716670778122 1.0444342316275539 1.0697851056962417 1.1016270210422612 1.1724104243783533 1.2175676360839736 1.2816967863346782 1.3179725109319036
79 948 -0.3526690167901525 -0.0658169798030964 0.059139172846844994 0.2721645575918596 0.5351250574259163 0.7172547946732485 0.7349756190533573 0.7676900363215027 0.8647985382423165 0.9082977639968753 0.9254353098286404 0.9638938101511894 0.9887214748463823 1.023716670778122 1.0444342316275539 1.0697851056962417 1.1016270210422612 1.1724104243783533 1.2175676360839736 1.2816967863346782 1.3179725109319036
80 960 -0.3526690167901525 -0.0658169798030964 0.059139172846844994 0.2721645575918596 0.5351250574259163 0.7172547946732485 0.7349756190533573 0.7676900363215027 0.8647985382423165 0.9082977639968753 0.9254353098286404 0.9638938101511894 0.9887214748463823 1.023716670778122 1.0444342316275539 1.0697851056962417 1.1016270210422612 1.1724104243783533 1.2175676360839736 1.2816967863346782 1.3179725109319036
81 972 -0.3526690167901525 -0.0658169798030964 0.059139172846844994 0.2721645575918596 0.5351250574259163 0.7172547946732485 0.7349756190533573 0.7676900363215027 0.8647985382423165 0.9082977639968753 0.9254353098286404 0.9638938101511894 0.9887214748463823 1.023716670778122 1.0444342316275539 1.0697851056962417 1.1016270210422612 1.1724104243783533 1.2175676360839736 1.2816967863346782 1.3179725109319036
82 984 -0.3526690167901525 -0.0658169798030964 0.059139172846844994 0.2721645575918596 0.5351250574259163 0.7172547946732485 0.7349756190533573 0.7676900363215027 0.8647985382423165 0.9082977639968753 0.9254353098286404 0.9638938101511894 0.9887214748463823 1.023716670778122 1.0444342316275539 1.0697851056962417 1.1016270210422612 1.1724104243783533 1.2175676360839736 1.2816967863346782 1.3179725109319036
83 996 -0.3526690167901525 -0.0658169798030964 0.059139172846844994 0.2721645575918596 0.5351250574259163 0.7172547946732485 0.7349756190533573 0.7676900363215027 0.8647985382423165 0.9082977639968753 0.9254353098286404 0.9638938101511894 0.9887214748463823 1.023716670778122 1.0444342316275539 1.0697851056962417 1.1016270210422612 1.1724104243783533 1.2175676360839736 1.2816967863346782 1.3179725109319036
84 1008 -0.3526690167901525 -0.0658169798030964 0.059139172846844994 0.2721645575918596 0.5351250574259163 0.7172547946732485 0.7349756190533573 0.7676900363215027 0.8647985382423165 0.9082977639968753 0.9254353098286404 0.9638938101511894 0.9887214748463823 1.023716670778122 1.0444342316275539 1.0697851056962417 1.1016270210422612 1.1724104243783533 1.2175676360839736 1.2816967863346782 1.3179725109319036
85 1020 -0.3526690167901525 -0.0658169798030964 0.059139172846844994 0.2721645575918596 0.5351250574259163 0.7172547946732485 0.7349756190533573 0.7676900363215027 0.8647985382423165 0.9082977639968753 0.9254353098286404 0.9638938101511894 0.9887214748463823 1.023716670778122 1.0444342316275539 1.0697851056962417 1.1016270210422612 1.1724104243783533 1.2175676360839736 1.2816967863346782 1.3179725109319036
86 1032 -0.3132930466584621 -0.07479672026983597 0.0573648638213767 0.2650971031473108 0.5161808428205129 0.6547989032643422 0.7240582842277072 0.767967295302427 0.8226768897344493 0.8863562737097778 0.911192045272422 0.9464943149962238 0.9662386101321694 1.035779479878623 1.0760858370439281 1.0928337734927873 1.121654589167869 1.1615959852144575 1.26769792444224 1.2904988290368153 1.328025735507879
87 1044 -0.3132930466584621 -0.07479672026983597 0.0573648638213767 0.2650971031473108 0.5161808428205129 0.6547989032643422 0.7240582842277072 0.767967295302427 0.8226768897344493 0.8863562737097778 0.911192045272422 0.9464943149962238 0.9662386101321694 1.035779479878623 1.0760858370439281 1.0928337734927873 1.121654589167869 1.1615959852144575 1.26769792444224 1.2904988290368153 1.328025735507879
88 1056 -0.3132930466584621 -0.07479672026983597 0.0573648638213767 0.2650971031473108 0.5161808428205129 0.6547989032643422 0.7240582842277072 0.767967295302427 0.8226768897344493 0.8863562737097778 0.911192045272422 0.9464943149962238 0.9662386101321694 1.035779479878623 1.0760858370439281 1.0928337734927873 1.121654589167869 1.1615959852144575 1.26769792444224 1.2904988290368153 1.328025735507879
89 1068 -0.3132930466584621 -0.07479672026983597 0.0573648638213767 0.2650971031473108 0.5161808428205129 0.6547989032643422 0.7240582842277072 0.767967295302427 0.8226768897344493 0.8863562737097778 0.911192045272422 0.9464943149962238 0.9662386101321694 1.035779479878623 1.0760858370439281 1.0928337734927873 1.121654589167869 1.1615959852144575 1.26769792444224 1.2904988290368153 1.328025735507879
90 1080 -0.3132930466584621 -0.07479672026983597 0.0573648638213767 0.2650971031473108 0.5161808428205129 0.6547989032643422 0.7240582842277072 0.767967295302427 0.8226768897344493 0.8863562737097778 0.911192045272422 0.9464943149962238 0.9662386101321694 1.035779479878623 1.0760858370439281 1.0928337734927873 1.121654589167869 1.1615959852144575 1.26769792444224 1.2904988290368153 1.328025735507879
91 1092 -0.3132930466584621 -0.07479672026983597 0.0573648638213767 0.2650971031473108 0.5161808428205129 0.6547989032643422 0.7240582842277072 0.767967295302427 0.8226768897344493 0.8863562737097778 0.911192045272422 0.9464943149962238 0.9662386101321694 1.035779479878623 1.0760858370439281 1.0928337734927873 1.121654589167869 1.1615959852144575 1.26769792444224 1.2904988290368153 1.328025735507879
92 1104 -0.3132930466584621 -0.07479672026983597 0.0573648638213767 0.2650971031473108 0.5161808428205129 0.6547989032643422 0.7240582842277072 0.767967295302427 0.8226768897344493 0.8863562737097778 0.911192045272422 0.9464943149962238 0.9662386101321694 1.035779479878623 1.0760858370439281 1.0928337734927873 1.121654589167869 1.1615959852144575 1.26769792444224 1.2904988290368153 1.328025735507879
93 1116 -0.3132930466584621 -0.07479672026983597 0.0573648638213767 0.2650971031473108 0.5161808428205129 0.6547989032643422 0.7240582842277072 0.767967295302427 0.8226768897344493 0.8863562737097778 0.911192045272422 0.9464943149962238 0.9662386101321694 1.035779479878623 1.0760858370439281 1.0928337734927873 1.121654589167869 1.1615959852144575 1.26769792444224 1.2904988290368153 1.328025735507879
94 1128 -0.3132930466584621 -0.07479672026983597 0.0573648638213767 0.2650971031473108 0.5161808428205129 0.6547989032643422 0.7240582842277072 0.767967295302427 0.8226768897344493 0.8863562737097778 0.911192045272422 0.9464943149962238 0.9662386101321694 1.035779479878623 1.0760858370439281 1.0928337734927873 1.121654589167869 1.1615959852144575 1.26769792444224 1.2904988290368153 1.328025735507879
95 1140 -0.3132930466584621 -0.07479672026983597 0.0573648638213767 0.2650971031473108 0.5161808428205129 0.6547989032643422 0.7240582842277072 0.767967295302427 0.8226768897344493 0.8863562737097778 0.911192045272422 0.9464943149962238 0.9662386101321694 1.035779479878623 1.0760858370439281 1.0928337734927873 1.121654589167869 1.1615959852144575 1.26769792444224 1.2904988290368153 1.328025735507879
96 1152 -0.3132930466584621 -0.07479672026983597 0.0573648638213767 0.2650971031473108 0.5161808428205129 0.6547989032643422 0.7240582842277072 0.767967295302427 0.8226768897344493 0.8863562737097778 0.911192045272422 0.9464943149962238 0.9662386101321694 1.035779479878623 1.0760858370439281 1.0928337734927873 1.121654589167869 1.1615959852144575 1.26769792444224 1.2904988290368153 1.328025735507879
97 1164 -0.3132930466584621 -0.07479672026983597 0.0573648638213767 0.2650971031473108 0.5161808428205129 0.6547989032643422 0.7240582842277072 0.767967295302427 0.8226768897344493 0.8863562737097778 0.911192045272422 0.9464943149962238 0.9662386101321694 1.035779479878623 1.0760858370439281 1.0928337734927873 1.121654589167869 1.1615959852144575 1.26769792444224 1.2904988290368153 1.328025735507879
98 1176 -0.3132930466584621 -0.07479672026983597 0.0573648638213767 0.2650971031473108 0.5161808428205129 0.6547989032643422 0.7240582842277072 0.767967295302427 0.8226768897344493 0.8863562737097778 0.911192045272422 0.9464943149962238 0.9662386101321694 1.035779479878623 1.0760858370439281 1.0928337734927873 1.121654589167869 1.1615959852144575 1.26769792444224 1.2904988290368153 1.328025735507879
99 1188 -0.3132930466584621 -0.07479672026983597 0.0573648638213767 0.2650971031473108 0.5161808428205129 0.6547989032643422 0.7240582842277072 0.767967295302427 0.8226768897344493 0.8863562737097778 0.911192045272422 0.9464943149962238 0.9662386101321694 1.035779479878623 1.0760858370439281 1.0928337734927873 1.121654589167869 1.1615959852144575 1.26769792444224 1.2904988290368153 1.328025735507879
100 1200 -0.3132930466584621 -0.07479672026983597 0.0573648638213767 0.2650971031473108 0.5161808428205129 0.6547989032643422 0.7240582842277072 0.767967295302427 0.8226768897344493 0.8863562737097778 0.911192045272422 0.9464943149962238 0.9662386101321694 1.035779479878623 1.0760858370439281 1.0928337734927873 1.121654589167869 1.1615959852144575 1.26769792444224 1.2904988290368153 1.328025735507879
101 1212 -0.3132930466584621 -0.07479672026983597 0.0573648638213767 0.2650971031473108 0.5161808428205129 0.6547989032643422 0.7240582842277072 0.767967295302427 0.8226768897344493 0.8863562737097778 0.911192045272422 0.9464943149962238 0.9662386101321694 1.035779479878623 1.0760858370439281 1.0928337734927873 1.121654589167869 1.1615959852144575 1.26769792444224 1.2904988290368153 1.328025735507879
102 1224 -0.3132930466584621 -0.07479672026983597 0.0573648638213767 0.2650971031473108 0.5161808428205129 0.6547989032643422 0.7240582842277072 0.767967295302427 0.8226768897344493 0.8863562737097778 0.911192045272422 0.9464943149962238 0.9662386101321694 1.035779479878623 1.0760858370439281 1.0928337734927873 1.121654589167869 1.1615959852144575 1.26769792444224 1.2904988290368153 1.328025735507879
103 1236 -0.36754340900218585 -0.08439595840704185 0.06301307079389776 0.27452299100819455 0.5249539377788883 0.6020634372009923 0.7188420358364258 0.7762809593834271 0.8312028633878094 0.8518462772788596 0.9050262439397252 0.9348402867144392 0.9533032002271008 0.9755550151554866 1.039360733350038 1.1250943444558112 1.1581570772191714 1.1736879008304144 1.249778715381492 1.3119882446972218 1.3872001093858175
104 1248 -0.36754340900218585 -0.08439595840704185 0.06301307079389776 0.27452299100819455 0.5249539377788883 0.6020634372009923 0.7188420358364258 0.7762809593834271 0.8312028633878094 0.8518462772788596 0.9050262439397252 0.9348402867144392 0.9533032002271008 0.9755550151554866 1.039360733350038 1.1250943444558112 1.1581570772191714 1.1736879008304144 1.249778715381492 1.3119882446972218 1.3872001093858175
105 1260 -0.36754340900218585 -0.08439595840704185 0.06301307079389776 0.27452299100819455 0.5249539377788883 0.6020634372009923 0.7188420358364258 0.7762809593834271 0.8312028633878094 0.8518462772788596 0.9050262439397252 0.9348402867144392 0.9533032002271008 0.9755550151554866 1.039360733350038 1.1250943444558112 1.1581570772191714 1.1736879008304144 1.249778715381492 1.3119882446972218 1.3872001093858175
106 1272 -0.36754340900218585 -0.08439595840704185 0.06301307079389776 0.27452299100819455 0.5249539377788883 0.6020634372009923 0.7188420358364258 0.7762809593834271 0.8312028633878094 0.8518462772788596 0.9050262439397252 0.9348402867144392 0.9533032002271008 0.9755550151554866 1.039360733350038 1.1250943444558112 1.1581570772191714 1.1736879008304144 1.249778715381492 1.3119882446972218 1.3872001093858175
107 1284 -0.36754340900218585 -0.08439595840704185 0.06301307079389776 0.27452299100819455 0.5249539377788883 0.6020634372009923 0.7188420358364258 0.7762809593834271 0.8312028633878094 0.8518462772788596 0.9050262439397252 0.9348402867144392 0.9533032002271008 0.9755550151554866 1.039360733350038 1.1250943444558112 1.1581570772191714 1.1736879008304144 1.249778715381492 1.3119882446972218 1.3872001093858175
108 1296 -0.36754340900218585 -0.08439595840704185 0.06301307079389776 0.27452299100819455 0.5249539377788883 0.6020634372009923 0.7188420358364258 0.7762809593834271 0.8312028633878094 0.8518462772788596 0.9050262439397252 0.9348402867144392 0.9533032002271008 0.9755550151554866 1.039360733350038 1.1250943444558112 1.1581570772191714 1.1736879008304144 1.249778715381492 1.3119882446972218 1.3872001093858175
109 1308 -0.36754340900218585 -0.08439595840704185 0.06301307079389776 0.27452299100819455 0.5249539377788883 0.6020634372009923 0.7188420358364258 0.7762809593834271 0.8312028633878094 0.8518462772788596 0.9050262439397252 0.9348402867144392 0.9533032002271008 0.9755550151554866 1.039360733350038 1.1250943444558112 1.1581570772191714 1.1736879008304144 1.249778715381492 1.3119882446972218 1.3872001093858175
110 1320 -0.36754340900218585 -0.08439595840704185 0.06301307079389776 0.27452299100819455 0.5249539377788883 0.6020634372009923 0.7188420358364258 0.7762809593834271 0.8312028633878094 0.8518462772788596 0.9050262439397252 0.9348402867144392 0.9533032002271008 0.9755550151554866 1.039360733350038 1.1250943444558112 1.1581570772191714 1.1736879008304144 1.249778715381492 1.3119882446972218 1.3872001093858175
111 1332 -0.36754340900218585 -0.08439595840704185 0.06301307079389776 0.27452299100819455 0.5249539377788883 0.6020634372009923 0.7188420358364258 0.7762809593834271 0.8312028633878094 0.8518462772788596 0.9050262439397252 0.9348402867144392 0.9533032002271008 0.9755550151554866 1.039360733350038 1.1250943444558112 1.1581570772191714 1.1736879008304144 1.249778715381492 1.3119882446972218 1.3872001093858175
112 1344 -0.36754340900218585 -0.08439595840704185 0.06301307079389776 0.27452299100819455 0.5249539377788883 0.6020634372009923 0.7188420358364258 0.7762809593834271 0.8312028633878094 0.8518462772788596 0.9050262439397252 0.9348402867144392 0.9533032002271008 0.9755550151554866 1.039360733350038 1.1250943444558112 1.1581570772191714 1.1736879008304144 1.249778715381492 1.3119882446972218 1.3872001093858175
113 1356 -0.36754340900218585 -0.08439595840704185 0.06301307079389776 0.27452299100819455 0.5249539377788883 0.6020634372009923 0.7188420358364258 0.7762809593834271 0.8312028633878094 0.8518462772788596 0.9050262439397252 0.9348402867144392 0.9533032002271008 0.9755550151554866 1.039360733350038 1.1250943444558112 1.1581570772191714 1.1736879008304144 1.249778715381492 1.3119882446972218 1.3872001093858175
114 1368 -0.36754340900218585 -0.08439595840704185 0.06301307079389776 0.27452299100819455 0.5249539377788883 0.6020634372009923 0.7188420358364258 0.7762809593834271 0.8312028633878094 0.8518462772788596 0.9050262439397252 0.9348402867144392 0.9533032002271008 0.9755550151554866 1.039360733350038 1.1250943444558112 1.1581570772191714 1.1736879008304144 1.249778715381492 1.3119882446972218 1.3872001093858175
115 1380 -0.36754340900218585 -0.08439595840704185 0.06301307079389776 0.27452299100819455 0.5249539377788883 0.6020634372009923 0.7188420358364258 0.7762809593834271 0.8312028633878094 0.8518462772788596 0.9050262439397252 0.9348402867144392 0.9533032002271008 0.9755550151554866 1.039360733350038 1.1250943444558112 1.1581570772191714 1.1736879008304144 1.249778715381492 1.3119882446972218 1.3872001093858175
116 1392 -0.36754340900218585 -0.08439595840704185 0.06301307079389776 0.27452299100819455 0.5249539377788883 0.6020634372009923 0.7188420358364258 0.7762809593834271 0.8312028633878094 0.8518462772788596 0.9050262439397252 0.9348402867144392 0.9533032002271008 0.9755550151554866 1.039360733350038 1.1250943444558112 1.1581570772191714 1.1736879008304144 1.249778715381492 1.3119882446972218 1.3872001093858175
117 1404 -0.36754340900218585 -0.08439595840704185 0.06301307079389776 0.27452299100819455 0.5249539377788883 0.6020634372009923 0.7188420358364258 0.7762809593834271 0.8312028633878094 0.8518462772788596 0.9050262439397252 0.9348402867144392 0.9533032002271008 0.9755550151554866 1.039360733350038 1.1250943444558112 1.1581570772191714 1.1736879008304144 1.249778715381492 1.3119882446972218 1.3872001093858175
118 1416 -0.36754340900218585 -0.08439595840704185 0.06301307079389776 0.27452299100819455 0.5249539377788883 0.6020634372009923 0.7188420358364258 0.7762809593834271 0.8312028633878094 0.8518462772788596 0.9050262439397252 0.9348402867144392 0.9533032002271008 0.9755550151554866 1.039360733350038 1.1250943444558112 1.1581570772191714 1.1736879008304144 1.249778715381492 1.3119882446972218 1.3872001093858175
119 1428 -0.36754340900218585 -0.08439595840704185 0.06301307079389776 0.27452299100819455 0.5249539377788883 0.6020634372009923 0.7188420358364258 0.7762809593834271 0.8312028633878094 0.8518462772788596 0.9050262439397252 0.9348402867144392 0.9533032002271008 0.9755550151554866 1.039360733350038 1.1250943444558112 1.1581570772191714 1.1736879008304144 1.249778715381492 1.3119882446972218 1.3872001093858175
120 1440 -0.3371870161780943 -0.08547664454560078 0.07625994504582279 0.3428903997324022 0.4987777902530145 0.6044827499967191 0.6501395839437095 0.7625070424923608 0.7798445317934951 0.8348598601078169 0.8885137657197741 0.9300957705737105 0.9476889420277336 0.9916881828465707 1.0801749887178957 1.1102292880808524 1.1665946165006837 1.180630549407598 1.2284201625240916 1.31654671919235 1.4642232767537746
121 1452 -0.3371870161780943 -0.08547664454560078 0.07625994504582279 0.3428903997324022 0.4987777902530145 0.6044827499967191 0.6501395839437095 0.7625070424923608 0.7798445317934951 0.8348598601078169 0.8885137657197741 0.9300957705737105 0.9476889420277336 0.9916881828465707 1.0801749887178957 1.1102292880808524 1.1665946165006837 1.180630549407598 1.2284201625240916 1.31654671919235 1.4642232767537746
122 1464 -0.3371870161780943 -0.08547664454560078 0.07625994504582279 0.3428903997324022 0.4987777902530145 0.6044827499967191 0.6501395839437095 0.7625070424923608 0.7798445317934951 0.8348598601078169 0.8885137657197741 0.9300957705737105 0.9476889420277336 0.9916881828465707 1.0801749887178957 1.1102292880808524 1.1665946165006837 1.180630549407598 1.2284201625240916 1.31654671919235 1.4642232767537746
123 1476 -0.3371870161780943 -0.08547664454560078 0.07625994504582279 0.3428903997324022 0.4987777902530145 0.6044827499967191 0.6501395839437095 0.7625070424923608 0.7798445317934951 0.8348598601078169 0.8885137657197741 0.9300957705737105 0.9476889420277336 0.9916881828465707 1.0801749887178957 1.1102292880808524 1.1665946165006837 1.180630549407598 1.2284201625240916 1.31654671919235 1.4642232767537746
124 1488 -0.3371870161780943 -0.08547664454560078 0.07625994504582279 0.3428903997324022 0.4987777902530145 0.6044827499967191 0.6501395839437095 0.7625070424923608 0.7798445317934951 0.8348598601078169 0.8885137657197741 0.9300957705737105 0.9476889420277336 0.9916881828465707 1.0801749887178957 1.1102292880808524 1.1665946165006837 1.180630549407598 1.2284201625240916 1.31654671919235 1.4642232767537746
125 1500 -0.3371870161780943 -0.08547664454560078 0.07625994504582279 0.3428903997324022 0.4987777902530145 0.6044827499967191 0.6501395839437095 0.7625070424923608 0.7798445317934951 0.8348598601078169 0.8885137657197741 0.9300957705737105 0.9476889420277336 0.9916881828465707 1.0801749887178957 1.1102292880808524 1.1665946165006837 1.180630549407598 1.2284201625240916 1.31654671919235 1.4642232767537746
126 1512 -0.3371870161780943 -0.08547664454560078 0.07625994504582279 0.3428903997324022 0.4987777902530145 0.6044827499967191 0.6501395839437095 0.7625070424923608 0.7798445317934951 0.8348598601078169 0.8885137657197741 0.9300957705737105 0.9476889420277336 0.9916881828465707 1.0801749887178957 1.1102292880808524 1.1665946165006837 1.180630549407598 1.2284201625240916 1.31654671919235 1.4642232767537746
127 1524 -0.3371870161780943 -0.08547664454560078 0.07625994504582279 0.3428903997324022 0.4987777902530145 0.6044827499967191 0.6501395839437095 0.7625070424923608 0.7798445317934951 0.8348598601078169 0.8885137657197741 0.9300957705737105 0.9476889420277336 0.9916881828465707 1.0801749887178957 1.1102292880808524 1.1665946165006837 1.180630549407598 1.2284201625240916 1.31654671919235 1.4642232767537746
128 1536 -0.3371870161780943 -0.08547664454560078 0.07625994504582279 0.3428903997324022 0.4987777902530145 0.6044827499967191 0.6501395839437095 0.7625070424923608 0.7798445317934951 0.8348598601078169 0.8885137657197741 0.9300957705737105 0.9476889420277336 0.9916881828465707 1.0801749887178957 1.1102292880808524 1.1665946165006837 1.180630549407598 1.2284201625240916 1.31654671919235 1.4642232767537746
129 1548 -0.3371870161780943 -0.08547664454560078 0.07625994504582279 0.3428903997324022 0.4987777902530145 0.6044827499967191 0.6501395839437095 0.7625070424923608 0.7798445317934951 0.8348598601078169 0.8885137657197741 0.9300957705737105 0.9476889420277336 0.9916881828465707 1.0801749887178957 1.1102292880808524 1.1665946165006837 1.180630549407598 1.2284201625240916 1.31654671919235 1.4642232767537746
130 1560 -0.3371870161780943 -0.08547664454560078 0.07625994504582279 0.3428903997324022 0.4987777902530145 0.6044827499967191 0.6501395839437095 0.7625070424923608 0.7798445317934951 0.8348598601078169 0.8885137657197741 0.9300957705737105 0.9476889420277336 0.9916881828465707 1.0801749887178957 1.1102292880808524 1.1665946165006837 1.180630549407598 1.2284201625240916 1.31654671919235 1.4642232767537746
131 1572 -0.3371870161780943 -0.08547664454560078 0.07625994504582279 0.3428903997324022 0.4987777902530145 0.6044827499967191 0.6501395839437095 0.7625070424923608 0.7798445317934951 0.8348598601078169 0.8885137657197741 0.9300957705737105 0.9476889420277336 0.9916881828465707 1.0801749887178957 1.1102292880808524 1.1665946165006837 1.180630549407598 1.2284201625240916 1.31654671919235 1.4642232767537746
132 1584 -0.3371870161780943 -0.08547664454560078 0.07625994504582279 0.3428903997324022 0.4987777902530145 0.6044827499967191 0.6501395839437095 0.7625070424923608 0.7798445317934951 0.8348598601078169 0.8885137657197741 0.9300957705737105 0.9476889420277336 0.9916881828465707 1.0801749887178957 1.1102292880808524 1.1665946165006837 1.180630549407598 1.2284201625240916 1.31654671919235 1.4642232767537746
133 1596 -0.3371870161780943 -0.08547664454560078 0.07625994504582279 0.3428903997324022 0.4987777902530145 0.6044827499967191 0.6501395839437095 0.7625070424923608 0.7798445317934951 0.8348598601078169 0.8885137657197741 0.9300957705737105 0.9476889420277336 0.9916881828465707 1.0801749887178957 1.1102292880808524 1.1665946165006837 1.180630549407598 1.2284201625240916 1.31654671919235 1.4642232767537746
134 1608 -0.3371870161780943 -0.08547664454560078 0.07625994504582279 0.3428903997324022 0.4987777902530145 0.6044827499967191 0.6501395839437095 0.7625070424923608 0.7798445317934951 0.8348598601078169 0.8885137657197741 0.9300957705737105 0.9476889420277336 0.9916881828465707 1.0801749887178957 1.1102292880808524 1.1665946165006837 1.180630549407598 1.2284201625240916 1.31654671919235 1.4642232767537746
135 1620 -0.3371870161780943 -0.08547664454560078 0.07625994504582279 0.3428903997324022 0.4987777902530145 0.6044827499967191 0.6501395839437095 0.7625070424923608 0.7798445317934951 0.8348598601078169 0.8885137657197741 0.9300957705737105 0.9476889420277336 0.9916881828465707 1.0801749887178957 1.1102292880808524 1.1665946165006837 1.180630549407598 1.2284201625240916 1.31654671919235 1.4642232767537746
136 1632 -0.3371870161780943 -0.08547664454560078 0.07625994504582279 0.3428903997324022 0.4987777902530145 0.6044827499967191 0.6501395839437095 0.7625070424923608 0.7798445317934951 0.8348598601078169 0.8885137657197741 0.9300957705737105 0.9476889420277336 0.9916881828465707 1.0801749887178957 1.1102292880808524 1.1665946165006837 1.180630549407598 1.2284201625240916 1.31654671919235 1.4642232767537746
137 1644 -0.3623358791060518 -0.07816349140892559 0.09660584746872859 0.3398880501276696 0.4781940582088157 0.5418591138232303 0.6233063032566549 0.7016126644996994 0.7433064104214473 0.7888652853131488 0.8665573151436456 0.8979828055441043 0.9706958158513664 0.9883100326642444 1.0436654956084044 1.1097550010149797 1.1536248277953924 1.2244623506536663 1.3159655634988168 1.3431684781519984 1.5030017877898216
138 1656 -0.3623358791060518 -0.07816349140892559 0.09660584746872859 0.3398880501276696 0.4781940582088157 0.5418591138232303 0.6233063032566549 0.7016126644996994 0.7433064104214473 0.7888652853131488 0.8665573151436456 0.8979828055441043 0.9706958158513664 0.9883100326642444 1.0436654956084044 1.1097550010149797 1.1536248277953924 1.2244623506536663 1.3159655634988168 1.3431684781519984 1.5030017877898216
139 1668 -0.3623358791060518 -0.07816349140892559 0.09660584746872859 0.3398880501276696 0.4781940582088157 0.5418591138232303 0.6233063032566549 0.7016126644996994 0.7433064104214473 0.7888652853131488 0.8665573151436456 0.8979828055441043 0.9706958158513664 0.9883100326642444 1.0436654956084044 1.1097550010149797 1.1536248277953924 1.2244623506536663 1.3159655634988168 1.3431684781519984 1.5030017877898216
140 1680 -0.3623358791060518 -0.07816349140892559 0.09660584746872859 0.3398880501276696 0.4781940582088157 0.5418591138232303 0.6233063032566549 0.7016126644996994 0.7433064104214473 0.7888652853131488 0.8665573151436456 0.8979828055441043 0.9706958158513664 0.9883100326642444 1.0436654956084044 1.1097550010149797 1.1536248277953924 1.2244623506536663 1.3159655634988168 1.3431684781519984 1.5030017877898216
141 1692 -0.3623358791060518 -0.07816349140892559 0.09660584746872859 0.3398880501276696 0.4781940582088157 0.5418591138232303 0.6233063032566549 0.7016126644996994 0.7433064104214473 0.7888652853131488 0.8665573151436456 0.8979828055441043 0.9706958158513664 0.9883100326642444 1.0436654956084044 1.1097550010149797 1.1536248277953924 1.2244623506536663 1.3159655634988168 1.3431684781519984 1.5030017877898216
142 1704 -0.3623358791060518 -0.07816349140892559 0.09660584746872859 0.3398880501276696 0.4781940582088157 0.5418591138232303 0.6233063032566549 0.7016126644996994 0.7433064104214473 0.7888652853131488 0.8665573151436456 0.8979828055441043 0.9706958158513664 0.9883100326642444 1.0436654956084044 1.1097550010149797 1.1536248277953924 1.2244623506536663 1.3159655634988168 1.3431684781519984 1.5030017877898216
143 1716 -0.3623358791060518 -0.07816349140892559 0.09660584746872859 0.3398880501276696 0.4781940582088157 0.5418591138232303 0.6233063032566549 0.7016126644996994 0.7433064104214473 0.7888652853131488 0.8665573151436456 0.8979828055441043 0.9706958158513664 0.9883100326642444 1.0436654956084044 1.1097550010149797 1.1536248277953924 1.2244623506536663 1.3159655634988168 1.3431684781519984 1.5030017877898216
144 1728 -0.3623358791060518 -0.07816349140892559 0.09660584746872859 0.3398880501276696 0.4781940582088157 0.5418591138232303 0.6233063032566549 0.7016126644996994 0.7433064104214473 0.7888652853131488 0.8665573151436456 0.8979828055441043 0.9706958158513664 0.9883100326642444 1.0436654956084044 1.1097550010149797 1.1536248277953924 1.2244623506536663 1.3159655634988168 1.3431684781519984 1.5030017877898216
145 1740 -0.3623358791060518 -0.07816349140892559 0.09660584746872859 0.3398880501276696 0.4781940582088157 0.5418591138232303 0.6233063032566549 0.7016126644996994 0.7433064104214473 0.7888652853131488 0.8665573151436456 0.8979828055441043 0.9706958158513664 0.9883100326642444 1.0436654956084044 1.1097550010149797 1.1536248277953924 1.2244623506536663 1.3159655634988168 1.3431684781519984 1.5030017877898216
146 1752 -0.3623358791060518 -0.07816349140892559 0.09660584746872859 0.3398880501276696 0.4781940582088157 0.5418591138232303 0.6233063032566549 0.7016126644996994 0.7433064104214473 0.7888652853131488 0.8665573151436456 0.8979828055441043 0.9706958158513664 0.9883100326642444 1.0436654956084044 1.1097550010149797 1.1536248277953924 1.2244623506536663 1.3159655634988168 1.3431684781519984 1.5030017877898216
147 1764 -0.3623358791060518 -0.07816349140892559 0.09660584746872859 0.3398880501276696 0.4781940582088157 0.5418591138232303 0.6233063032566549 0.7016126644996994 0.7433064104214473 0.7888652853131488 0.8665573151436456 0.8979828055441043 0.9706958158513664 0.9883100326642444 1.0436654956084044 1.1097550010149797 1.1536248277953924 1.2244623506536663 1.3159655634988168 1.3431684781519984 1.5030017877898216
148 1776 -0.3623358791060518 -0.07816349140892559 0.09660584746872859 0.3398880501276696 0.4781940582088157 0.5418591138232303 0.6233063032566549 0.7016126644996994 0.7433064104214473 0.7888652853131488 0.8665573151436456 0.8979828055441043 0.9706958158513664 0.9883100326642444 1.0436654956084044 1.1097550010149797 1.1536248277953924 1.2244623506536663 1.3159655634988168 1.3431684781519984 1.5030017877898216
149 1788 -0.3623358791060518 -0.07816349140892559 0.09660584746872859 0.3398880501276696 0.4781940582088157 0.5418591138232303 0.6233063032566549 0.7016126644996994 0.7433064104214473 0.7888652853131488 0.8665573151436456 0.8979828055441043 0.9706958158513664 0.9883100326642444 1.0436654956084044 1.1097550010149797 1.1536248277953924 1.2244623506536663 1.3159655634988168 1.3431684781519984 1.5030017877898216
150 1800 -0.3623358791060518 -0.07816349140892559 0.09660584746872859 0.3398880501276696 0.4781940582088157 0.5418591138232303 0.6233063032566549 0.7016126644996994 0.7433064104214473 0.7888652853131488 0.8665573151436456 0.8979828055441043 0.9706958158513664 0.9883100326642444 1.0436654956084044 1.1097550010149797 1.1536248277953924 1.2244623506536663 1.3159655634988168 1.3431684781519984 1.5030017877898216
150 1800 -0.3623358791060518 -0.07816349140892559 0.09660584746872859 0.3398880501276696 0.4781940582088157 0.5418591138232303 0.6233063032566549 0.7016126644996994 0.7433064104214473 0.7888652853131488 0.8665573151436456 0.8979828055441043 0.9706958158513664 0.9883100326642444 1.0436654956084044 1.1097550010149797 1.1536248277953924 1.2244623506536663 1.3159655634988168 1.3431684781519984 1.5030017877898216
