% # columns="iteration, evaluation, sigma, max axis length,  min axis length, all principal axes lengths  (sorted square roots of eigenvalues of C)", seed=385484, Tue Jan 13 20:26:32 2026
1 12 0.47934219282341123 1.0000470599308133 1.0 1.0 1.0000029411807958 1.0000058823702422 1.000008823568339 1.0000117647750868 1.000014705990485 1.000017647214534 1.0000205884472333 1.0000235296885833 1.0000264709385844 1.000029412197236 1.0000323534645386 1.0000352947404918 1.000038236025096 1.0000411773183506 1.0000441186202564 1.0000470599308133
2 24 0.48059743686491413 1.0692079082492179 0.9398191778441709 0.9398191778441709 0.956604436074975 0.9794027552890273 0.9933882699700612 0.9956089320242205 0.9991621434804925 1.0000197254296228 1.0000231552181444 1.000024053574706 1.000029355949581 1.0000326387437697 1.0014251141238595 1.0022120722877124 1.0047480487961136 1.0108140423760223 1.0383171724914662 1.0692079082492179
3 36 0.51354153684173 1.1019033744310365 0.9403392562825652 0.9403392562825652 0.9471736259818799 0.9558978820237152 0.9682984195378785 0.9791185691350459 0.9895298640718221 0.9938329959529525 0.9998734361060958 0.9999396578735595 1.001157964868777 1.004494867912711 1.0077011226489838 1.0114713313418278 1.0161720412757373 1.0384073967578025 1.0469400794368457 1.1019033744310365
4 48 0.5694253619085036 1.18920300646687 0.9292855942463789 0.9292855942463789 0.9475766629750626 0.951540559472448 0.9608612307456199 0.9620276119789691 0.9761591421286366 0.9814634280318212 0.9873905429400799 0.9979933471235362 1.0005536534633452 1.0035924133211505 1.0098312499772897 1.020876087111336 1.0285903279414874 1.0378081206528513 1.0500852995841856 1.18920300646687
5 60 0.6418351714468731 1.2450929558084822 0.9144137237206332 0.9144137237206332 0.9344609359155156 0.9433797253015257 0.9628233461231416 0.9650453081554075 0.9686579813588012 0.9820361749354174 0.9835606892249814 0.9871542430624156 0.9962551124445816 1.003964415588666 1.0124542128012284 1.0218934967860518 1.0309955112838451 1.0341120436789646 1.0691869628563762 1.2450929558084822
6 72 0.6703147947115389 1.261357259335343 0.9065658850758855 0.9065658850758855 0.9245990865822403 0.9332236820157059 0.9444328380244219 0.9591355862661269 0.9651277377868556 0.9730396047100112 0.9841198707853439 0.9927077691580547 0.9984927892508185 1.0041977422262254 1.0184803190653895 1.0250351090844936 1.0341893440005845 1.0402013737571352 1.093926948721005 1.261357259335343
7 84 0.7168533588042462 1.2674543661969762 0.8996119839420685 0.8996119839420685 0.9124787687639421 0.9233309231046981 0.9354637158815733 0.9554901856615383 0.9619493510921938 0.962791479162386 0.9739636909270656 0.9907051991192127 0.996305795164564 1.0004058602888526 1.0161307191993219 1.0271489581374025 1.0436702296476248 1.0627521857431474 1.0881727698253214 1.2674543661969762
8 96 0.7525499786250041 1.2554679936379114 0.891710986668418 0.891710986668418 0.9023183349404876 0.9181412947883467 0.9318526835346865 0.939330785470075 0.9540210371155575 0.957260154772116 0.969058752909764 0.9889092319112194 0.9971405368393195 1.0040575726413834 1.0172049008154145 1.0427389409784662 1.0456586172384308 1.0774883655568663 1.1352681842622776 1.2554679936379114
9 108 0.7810270568951594 1.2640509465740726 0.8786380520289716 0.8786380520289716 0.8964313670255337 0.90681288029636 0.9288250946518295 0.9319496182602468 0.9424062917104824 0.9615669467333722 0.9629122252616705 0.9871981566802371 1.002964937094478 1.0069675684609114 1.0173223208803146 1.03561361534946 1.061030349928212 1.0784702057414333 1.1742305736068213 1.2640509465740726
10 120 0.7803446018300629 1.250070392649274 0.8627164695946528 0.8627164695946528 0.8931724177162751 0.9062749061920367 0.9215439909847204 0.9298257582270428 0.9404773978375787 0.9571681122572799 0.9645487142377935 0.9787438532630461 1.0012750717182262 1.0031474283588315 1.0227405204453819 1.032564509518598 1.063181640428398 1.0749798076184998 1.2001518278321528 1.250070392649274
11 132 0.7569522337860598 1.257286604125227 0.8498440275354152 0.8498440275354152 0.8861450533532281 0.8973455570494497 0.9176894337205166 0.9291979075128554 0.9346903629703716 0.9502068798591496 0.967175984739732 0.989268747503981 1.0031005318983264 1.0140818891111407 1.0195807754097683 1.0277779936747504 1.0680362065030253 1.083239764251726 1.2043862040784625 1.257286604125227
12 144 0.7536121779079386 1.255634830205295 0.8463120972346714 0.8463120972346714 0.869968791384236 0.8911745601300545 0.9034272944305293 0.922286074857047 0.9346410585642384 0.9502349721667354 0.9731264000471004 0.9925030468323128 0.9982996696670634 1.0117377328348178 1.0213485165007525 1.0288201657798088 1.0663155101962336 1.0804554114584013 1.2186455112479058 1.255634830205295
13 156 0.7511981662630952 1.2782816560741028 0.8368802913127242 0.8368802913127242 0.8805076204739704 0.8906704552070266 0.9061448445269581 0.9193508797361437 0.9384861505271321 0.9428801105541244 0.9679766404458201 0.9871146458273411 1.0023493462698783 1.010792060870788 1.0125901743099714 1.0319579994003316 1.0692129906443466 1.0827100542255947 1.2266369648784852 1.2782816560741028
14 168 0.7443768830900601 1.2869984797137732 0.8266448254556744 0.8266448254556744 0.8659025522251683 0.8807609555180127 0.9008960170633734 0.9103865893643179 0.9313723742450379 0.9470755568246508 0.9754937864519115 0.9918670061243254 0.9977173367528321 1.0057424178355174 1.0325273924573588 1.0460966819079924 1.068007158353071 1.0950616846610484 1.2206093867885037 1.2869984797137732
15 180 0.7308361300449963 1.302669540669116 0.8150782622553199 0.8150782622553199 0.8589144824785095 0.8739710462458151 0.8979228677707987 0.9106541828869953 0.9256828691007898 0.9436441370859803 0.9746350892873544 0.9869200633221973 0.9943938087055038 1.0077771959766952 1.0300059023149062 1.0453815181563335 1.0744000576384707 1.1128946962914605 1.2217406054989424 1.302669540669116
16 192 0.694489132363536 1.312985784868651 0.8047866275789172 0.8047866275789172 0.8590353635821075 0.8811632156136074 0.8934147924012386 0.9003078448586003 0.9295316778750836 0.9471696391291848 0.9710622521897617 0.9813218375511412 0.9952912344888696 1.0010987076731028 1.0217899405734903 1.0512198217554696 1.0809577224514781 1.1181933839559324 1.2142142991385252 1.312985784868651
17 204 0.6730093856315236 1.30020426864206 0.7965187302956354 0.7965187302956354 0.8528075463280974 0.8840712010171407 0.89064352718896 0.9044014216552315 0.9197896164921456 0.9432271344040144 0.9685046580190313 0.9771007163878247 0.9865444580243716 1.017083806302969 1.0298941481568664 1.0647496032442263 1.0756811263940462 1.1134350170939193 1.1931376043098463 1.30020426864206
18 216 0.6493164630626431 1.3162101798081858 0.7962046352767832 0.7962046352767832 0.8444806311579707 0.8658986185361868 0.8815664818379813 0.9004553648650407 0.9212949363961164 0.9373076619334948 0.967138899229746 0.9851399095303339 0.99693670338553 1.0110512802876717 1.0197625888596975 1.0707163623101723 1.0845428891356865 1.1284542516651614 1.1839850207888207 1.3162101798081858
19 228 0.621564167198688 1.3180452958272837 0.7988058437869874 0.7988058437869874 0.8248874518708602 0.8523390848505057 0.875560359794043 0.8939133419031083 0.9260861131703007 0.930090307308825 0.9716238139659942 0.9841245308408276 0.994619319908078 1.0184614047216725 1.0325767847777738 1.0639142085199977 1.0886427599221664 1.1441407576472444 1.1829975944778923 1.3180452958272837
20 240 0.6283864010320486 1.315254990848172 0.7886278527309142 0.7886278527309142 0.8240571271668956 0.8554553707744156 0.866704821453721 0.8898725069068664 0.9085467593242462 0.9303046427994762 0.9710902890093106 0.9819670264666196 0.9933972616328064 0.9996639608399176 1.035305431763147 1.0612020639644113 1.101735654530413 1.1436427807520597 1.1882683296966168 1.315254990848172
21 252 0.6388992064932733 1.3196839138919343 0.7874548554869696 0.7874548554869696 0.8148127687769419 0.8440331141787403 0.8678013815997713 0.8948625913717656 0.9046061687669669 0.9308990091563348 0.9667645365312402 0.9752774319171653 0.992992344747671 0.9971009434686028 1.0315221220678148 1.0486524443550689 1.1155284765584492 1.1527648813548959 1.2146380570219872 1.3196839138919343
22 264 0.6377486093758445 1.3270469492609258 0.7854934497348034 0.7854934497348034 0.8111181891651594 0.8392644697023659 0.8656336555204868 0.887300546482096 0.9106257630121651 0.9339145747328682 0.9674240796394332 0.9731443271910362 0.9889054040743235 0.9990375131468928 1.029201830641399 1.0439136403628486 1.1021679191993536 1.140671680884172 1.2206850046296813 1.3270469492609258
23 276 0.602573098068942 1.3406232129298097 0.7786413317535283 0.7786413317535283 0.8076132670758562 0.8317321050543628 0.8608012335918183 0.8821247813940251 0.9106889186010337 0.9340552475384015 0.963051621092377 0.9811692901181565 0.9841365689117236 0.9992595678961197 1.0232677073626537 1.0458540728469763 1.103446985601865 1.1282263639325225 1.2162413751233747 1.3406232129298097
24 288 0.5864039853104963 1.3296103439355005 0.7705745747582562 0.7705745747582562 0.8018532854093569 0.8292731651557075 0.8545648470174667 0.879631852002849 0.9038456678878023 0.9298893624465421 0.9519382699441774 0.9795753113677187 0.9993462692026805 1.0018715380751095 1.0081146106247354 1.0459053311641688 1.1083744141073935 1.137956794774219 1.2166868095882593 1.3296103439355005
25 300 0.5875205099803913 1.3434483061456035 0.751092794525526 0.751092794525526 0.7970315377363635 0.8280780811743695 0.8531263660917343 0.8758368200112743 0.9036196871852636 0.9353024622291629 0.9566696686145473 0.9814384836272627 0.993882395095452 0.9987060535700641 1.017120988889582 1.0384492310830786 1.105879360069403 1.1319569430145324 1.2108464606928988 1.3434483061456035
26 312 0.6310614439403703 1.3374390655589812 0.7376148710138508 0.7376148710138508 0.7974260476436169 0.8328129278374917 0.8486815260900507 0.8762929113163801 0.8983024806580325 0.9351696878794227 0.9520790562878176 0.9732192982977246 0.9857406592050384 0.9946849143488472 1.0267462875372269 1.0376527488858873 1.1070843969725055 1.1435858458857977 1.2357507938393157 1.3374390655589812
27 324 0.6518825472957904 1.3945639540822534 0.7312796784020346 0.7312796784020346 0.7934061638416102 0.8310605786854177 0.8455855377312593 0.8785380803320799 0.8938783751267881 0.9232005794116678 0.954709345044286 0.9650273646787095 0.9823868735862232 0.9898825972800386 1.0393819916686882 1.0418904411954317 1.1292894497034984 1.1559062435367156 1.2262626447188372 1.3945639540822534
28 336 0.6481918626077914 1.3991886263897277 0.7137718572900069 0.7137718572900069 0.7917086748415247 0.8321317238585288 0.8437391926492814 0.8723052425960782 0.8936865752218495 0.9336893714630866 0.9564031360575942 0.9647949644066016 0.9681836795592157 0.9851406943706257 1.03485389713064 1.0449350047608552 1.1409361313901412 1.160371599284097 1.23654511104812 1.3991886263897277
29 348 0.6753578551020749 1.4120499177618286 0.6948865209948271 0.6948865209948271 0.7888993948775357 0.8291292031853136 0.8412691748425485 0.8722765505966676 0.892935036744138 0.940153121013996 0.9477084192568731 0.9616372669033647 0.9639792356575517 0.9872181314400232 1.0264580837559187 1.0388839249757185 1.1416305677792058 1.1658199664407518 1.2276843812682907 1.4120499177618286
30 360 0.6969611829597985 1.4200007697753645 0.6854297135288951 0.6854297135288951 0.7914177484559538 0.8261296024229345 0.8424526416844876 0.868141969074086 0.8874460743865454 0.927672417556353 0.9387137046911951 0.9611848656721987 0.9652652842357958 0.9999882291918932 1.0090526312886772 1.0397004118330888 1.1421024852135488 1.1636096040495196 1.2569392715920695 1.4200007697753645
31 372 0.6753360421977979 1.4296744399291932 0.675703866974611 0.675703866974611 0.7838330353625551 0.825045827804119 0.8465451916265756 0.8658112870429335 0.8812358396108793 0.9244508563178473 0.9320033968855544 0.9485450409971871 0.9662796163483343 1.0015177257550072 1.0185001291210278 1.0474656955938657 1.1445932301579635 1.1642846155687592 1.268583399568857 1.4296744399291932
32 384 0.6312498298628463 1.4341059006267096 0.6589348439417713 0.6589348439417713 0.7811567138509752 0.8173595942514841 0.8457617562395768 0.8555644661315215 0.8767736698818386 0.9234629742037634 0.9302628286189462 0.9443934464496277 0.9644461356844563 0.9910737132349088 1.0286196963694707 1.0606735507827068 1.1455334452714403 1.1718592366105371 1.2831743510614688 1.4341059006267096
33 396 0.6119452538265241 1.4417109223733322 0.6565100316311167 0.6565100316311167 0.7755455715173586 0.8082559927364875 0.8341793990264382 0.8563533562067355 0.8737925592963457 0.9171442858375269 0.9286351930942347 0.9384574975320624 0.9583128856800461 0.9860639392764955 1.0274843657331498 1.081044864523467 1.1454129725082627 1.1621584473430502 1.2818628786049515 1.4417109223733322
34 408 0.5769792390785095 1.440456942715575 0.6520186555105926 0.6520186555105926 0.7731812105184912 0.8088009186512974 0.8362315336152327 0.8580268109391623 0.8757581683725458 0.9136053666415757 0.9294641981053543 0.944048486851951 0.9604592011656438 0.9731811246732937 1.0322466466910643 1.0689395862400937 1.1423169606602446 1.1648965501152928 1.2666950156667534 1.440456942715575
35 420 0.5628910793072439 1.4302958133090722 0.6296328833418537 0.6296328833418537 0.7764306141840356 0.8094446478135819 0.8370579347935027 0.8544921886150506 0.8733610983427971 0.896709253567829 0.9316817015754945 0.9384800909220846 0.9618015131925449 0.9764884180044088 1.025040743335875 1.0684615972975224 1.1659596226193314 1.1733083832225553 1.2660423324172745 1.4302958133090722
36 432 0.5372756735844563 1.4441906598091228 0.6262633925969063 0.6262633925969063 0.7712225943510288 0.8078927967320733 0.821928615588553 0.8468329798701083 0.862158471168899 0.9006116492014034 0.9333042353184626 0.9361328999685158 0.9667005207425429 0.9725543207319132 1.0209387400804282 1.0597869806132596 1.1700199201403825 1.1733549376038126 1.2698721135166893 1.4441906598091228
37 444 0.5382741123072433 1.4508470356720042 0.6199094252264409 0.6199094252264409 0.7641392967807976 0.8093898797226904 0.8123519939600716 0.8468873322009103 0.8559988672989234 0.9043771572947226 0.933094711160251 0.933653838071076 0.9650834334225503 0.9778500814990433 1.0042327542239033 1.0443268144294926 1.1683273471296318 1.1906648502093458 1.2713648772444701 1.4508470356720042
38 456 0.5383888194333968 1.4799182561281672 0.6043257568317967 0.6043257568317967 0.75886410380202 0.8031738592435977 0.8125142855641726 0.8465278754488332 0.8508315372429577 0.8932721469650965 0.9333265183381253 0.9380352830560389 0.9600085823563399 0.9715133840289669 1.0046227097982334 1.0464135792922153 1.179386191157614 1.2127599681086456 1.27056267127369 1.4799182561281672
39 468 0.5404576158694447 1.498864413473274 0.5919861699642669 0.5919861699642669 0.7578430679221966 0.7922031058312119 0.8086460804501029 0.8380948221742254 0.8504615275865826 0.8903551505150832 0.927268004898724 0.941924383101211 0.958915861904585 0.9684365752046179 0.9996645869894968 1.0456113292414568 1.1686191254334413 1.228253416053163 1.2741449163015044 1.498864413473274
40 480 0.5442027191928865 1.5152376872610798 0.587464686523218 0.587464686523218 0.7592690759557046 0.7887655588908659 0.8022888088942615 0.8238178452813532 0.8508459924970171 0.8798303902585445 0.9328567187550196 0.9428837926626534 0.956089116022982 0.9682187645727129 0.9991414581513204 1.0259858873931968 1.172937267230032 1.229988828290927 1.2932036969213347 1.5152376872610798
41 492 0.5552745013506295 1.5461036132323354 0.5860297502899482 0.5860297502899482 0.7586893092524802 0.7759670109899441 0.7975552217783468 0.8320612871154335 0.8460066262932573 0.881126659500098 0.9298652632119004 0.9419964065561796 0.9518360191362073 0.9677485264930913 0.9858407956374919 1.0305328670026526 1.1631993712752011 1.2374065421491791 1.2970661878781464 1.5461036132323354
42 504 0.5595531511751427 1.5811810943525686 0.565298688960199 0.565298688960199 0.7564646980055956 0.7855745942297077 0.8013022426182893 0.8283042107896891 0.8470357122704057 0.8814422704254622 0.9156097967767769 0.9436607926631175 0.9535551219020837 0.9669601877783022 0.9845201908745833 1.0318211875157033 1.1673273637193773 1.2062938138207164 1.3072860578138494 1.5811810943525686
43 516 0.555334498513882 1.5905727452192044 0.5458074189176662 0.5458074189176662 0.7564060566483786 0.7855663706815992 0.8092174252596833 0.824777340140342 0.8431226070022249 0.8911810705587728 0.9093704725186335 0.9401244892490167 0.9430022225667248 0.9738056867426013 0.9847215763906618 1.029756782640186 1.174987053035743 1.1984515712421726 1.3243291977558243 1.5905727452192044
44 528 0.5466528003162406 1.5903309402476973 0.5375832730783888 0.5375832730783888 0.7495203451020711 0.788768978381787 0.8083224460954669 0.8213941434788233 0.844888443497144 0.8881014260977822 0.9089368016647267 0.940305193024381 0.9477506078079911 0.9874160570461107 1.001131827266254 1.0431795748039996 1.1719139870446131 1.1916522084138772 1.2955195170095888 1.5903309402476973
45 540 0.5404500921388583 1.5841087468333241 0.5344152733260228 0.5344152733260228 0.7379187829650763 0.777652366995733 0.8123460999642965 0.8181254256841335 0.833021163357916 0.8786627300361952 0.9015210554485116 0.935744136539896 0.9506641934669465 0.9818823754955058 1.004436714544406 1.0449234689390143 1.1734481371175305 1.208252900240232 1.294256506036844 1.5841087468333241
46 552 0.5326488837460119 1.5851415049399702 0.5193268948811656 0.5193268948811656 0.7299765150430789 0.7793009295197572 0.8103543493315792 0.8152542112480735 0.8251974425619637 0.8773543189316066 0.9090467096321224 0.9331694193509781 0.9459902237353492 0.9914058386350673 1.0023111746518085 1.046331350601391 1.1592408433933643 1.2155065094114892 1.3281556661146707 1.5851415049399702
47 564 0.5303545509452827 1.5804170003406286 0.5088542380315588 0.5088542380315588 0.7230866504541836 0.7745927961778812 0.8063544016226076 0.8153675819031584 0.8190310766707171 0.8669399079180443 0.9133895508194779 0.9306023920464503 0.9428131021783981 0.9946753347691064 1.0022381255577488 1.0524822614561955 1.1538586650060076 1.2112247402336935 1.3540227329258427 1.5804170003406286
48 576 0.5623534887489723 1.5900004621496118 0.49540859906199863 0.49540859906199863 0.7158529376488884 0.7754628963404971 0.8000318932363693 0.8043679268513991 0.8176588357311516 0.8645812400769871 0.9198070039812472 0.9299076032997509 0.9467269420622453 0.9878329674736473 1.00922857255212 1.048921221768087 1.1496335526844679 1.2034841744791003 1.3650630492197124 1.5900004621496118
49 588 0.5846312340430125 1.5838176319717001 0.4871989961159561 0.4871989961159561 0.7102774416019351 0.7717758814882367 0.7996864731610037 0.8052788190452582 0.8172331401011314 0.8618687796952751 0.9011057236823264 0.9346384870029847 0.9474653405670026 0.9805622057912583 1.037869140757113 1.0595264684752341 1.1493317925683866 1.2103045967008361 1.4125019815056687 1.5838176319717001
50 600 0.6045485686487937 1.5612789126916513 0.477344393691991 0.477344393691991 0.709063697082746 0.7661846867276002 0.8004758927895911 0.8087559820625734 0.8214491155777557 0.8606202758259702 0.9000655403162104 0.94449489706606 0.9581285731246244 0.9791031783575647 1.036420295761845 1.0509285886316921 1.146592386155075 1.2193350325590282 1.428361909462416 1.5612789126916513
51 612 0.60584606421728 1.5549031366597856 0.4774020616402484 0.4774020616402484 0.7049617136704684 0.7645378848027315 0.7950246679003943 0.8046818446034846 0.8164117784418642 0.8545678097216284 0.8993470415219891 0.9488582058703691 0.9623996594311763 0.9766475071056583 1.0191737029712105 1.0473848711083702 1.1563227128799813 1.2144366181174235 1.4354493259299435 1.5549031366597856
52 624 0.6014108660321879 1.5742790263741118 0.47413128970793367 0.47413128970793367 0.6964021654188505 0.7650132254223059 0.7884700468217907 0.8095065550869689 0.8257666773672635 0.8591894782126474 0.8907971554373129 0.9393985698101972 0.9689957256954932 0.9752158609804001 1.0121796075849083 1.0516107242838584 1.1592712454862868 1.2143988772357117 1.4314686717769303 1.5742790263741118
53 636 0.5803132048617248 1.5741905664277809 0.47015532434026347 0.47015532434026347 0.6973034550295985 0.76743194604137 0.7843907722223233 0.8071371436190038 0.8209121775019906 0.8571300127299462 0.8890402814993171 0.9447315703949166 0.9555755955007423 0.9757715434621111 1.01964128000188 1.0513310632573591 1.1548863773668125 1.2196283256813483 1.4305452279235296 1.5741905664277809
54 648 0.5675147307515873 1.5799786896378545 0.4662816409652996 0.4662816409652996 0.6931488719632766 0.7549482706035895 0.7785842427829108 0.808382072302122 0.8149485167732416 0.8511913461911316 0.8878132389707539 0.9392328242062888 0.9577702413477266 0.9746646276722477 1.0194521845383353 1.0682291404994937 1.1513743313288343 1.2127547529287364 1.4444905429823567 1.5799786896378545
55 660 0.5790275462766308 1.588488447191683 0.46023239991311543 0.46023239991311543 0.6888075119768361 0.7560247393687555 0.7745668872353482 0.8000629239040319 0.814277720172794 0.8418962772997058 0.893826636586448 0.9365424503694543 0.9609216893549937 0.9726941054566289 1.0119944464152029 1.0665767941109021 1.1491706098931935 1.2184137174170595 1.4516475652848002 1.588488447191683
56 672 0.5778908582739406 1.59218478068294 0.4540020564767469 0.4540020564767469 0.6901655894548911 0.7372555871594998 0.773900322820442 0.7915206943429642 0.8140492956237948 0.846753934011533 0.8932410028073756 0.936156768926363 0.9599835419789383 0.968336972263341 1.0142095273412894 1.0754548133243447 1.1552369849005564 1.2285042550936731 1.4427303144378922 1.59218478068294
57 684 0.5746386920855215 1.6018678385480196 0.4515310663227898 0.4515310663227898 0.6853461438468548 0.7385992703184309 0.7732027431436098 0.7938409755201434 0.805188678417564 0.845684750372468 0.8935556733213402 0.9261031676898284 0.9592066957769949 0.9783881787119527 0.9880576475964141 1.0819696751379537 1.1544065666571692 1.2282228181524286 1.4399385457682712 1.6018678385480196
58 696 0.5493713961751256 1.5940811855667982 0.44024540832160736 0.44024540832160736 0.6893764073567888 0.736711043522063 0.7674738737838378 0.7872825775182989 0.8010906207322945 0.8470042761710395 0.884914624604636 0.924438856695921 0.9609628470474231 0.978023155608951 0.9812874538706816 1.0791017971805994 1.1545257349011315 1.237945522300209 1.4487564564826239 1.5940811855667982
59 708 0.5319045975487169 1.596606035262305 0.43599483286226515 0.43599483286226515 0.680460078542747 0.7316572660057389 0.7642049752703842 0.7787200004743401 0.8028718720465969 0.8306804099554779 0.8755087938419104 0.9238711517703835 0.9605497318647123 0.979115839430137 0.987509039939727 1.0854558577399422 1.1530603870138967 1.240059497782518 1.4645423301605338 1.596606035262305
60 720 0.5281277790920159 1.5694886541634347 0.43239379640835135 0.43239379640835135 0.6841870037625646 0.7296194470259165 0.7637970726827584 0.7848020358921233 0.7972458225174758 0.8218715954031033 0.8745649029448563 0.9211895773353429 0.9565948672815425 0.9776217168799457 0.9867985192380697 1.0946957444852645 1.1484621372215855 1.26393637759372 1.4606084487616722 1.5694886541634347
61 732 0.5249779328703477 1.5741147835394906 0.4241560734313484 0.4241560734313484 0.6864487613246165 0.7270769238679461 0.757827024257298 0.7836524390121452 0.8096772230365509 0.8318438679151157 0.8728470624558804 0.9199639221775652 0.9557146128413643 0.9773345280052147 0.9831525073037428 1.1104696156328093 1.1404421697505043 1.259821280920813 1.452996457311677 1.5741147835394906
62 744 0.554944668113894 1.567434808982107 0.4153875793225154 0.4153875793225154 0.6850153441184557 0.7252771608942902 0.7507512416537576 0.7730008075445515 0.8109726117289231 0.8298882298132976 0.8725138530428411 0.9180621285781461 0.9490712455440312 0.9749610485744369 0.9854660676532943 1.1349945331063178 1.1478752748603305 1.261735467337105 1.438703908485133 1.567434808982107
63 756 0.5634836799206748 1.5664411995651069 0.41052456369114354 0.41052456369114354 0.6718734358334268 0.7393742389578047 0.7475376316197812 0.769735814537337 0.8103672254130735 0.8318935787400714 0.8739860489981051 0.9307276422386246 0.9528041869208449 0.9738006031895158 1.0178574610289715 1.1190524343774866 1.1745123720833974 1.2609885638535219 1.426096201881269 1.5664411995651069
64 768 0.5621957902507729 1.5715244166486155 0.4025158630543434 0.4025158630543434 0.6679508187578902 0.7297233678544897 0.7412610375029999 0.7674917383810271 0.8168172302412918 0.8228923820553189 0.8689327631298125 0.9296961084399002 0.9639445205495373 0.9712498920386319 1.017173210107508 1.1263552723007877 1.1909162550719932 1.263350715875315 1.419254296111088 1.5715244166486155
65 780 0.5890067723273862 1.5560583332018838 0.4002432223870574 0.4002432223870574 0.6672393797371363 0.7284264122807099 0.7344926755212898 0.7557349080546066 0.8136096137208814 0.8252894199432671 0.8769164807024368 0.9208287333282303 0.9638003014766106 0.9714072420495974 1.0183780866907592 1.1308733193184948 1.2008850886829017 1.2650260433034226 1.441847293042624 1.5560583332018838
66 792 0.608831696406339 1.5619467761176755 0.39376671478072933 0.39376671478072933 0.6637421057582497 0.7265391664278683 0.733639586413146 0.7565416404100774 0.8166462701035049 0.8238784406440779 0.8810972657355565 0.9120209919169334 0.9469988519550021 0.9664401427981977 1.0472596010797408 1.143077358616841 1.2021228353076217 1.269807559286536 1.4346516102938305 1.5619467761176755
67 804 0.6249514856091065 1.5637010458078464 0.39048278016693533 0.39048278016693533 0.6653117641422751 0.7271073603462995 0.7314910506458423 0.752199337404269 0.8127647340041784 0.8225513340452161 0.8785930456649813 0.9068380697899416 0.9363436122236732 0.9622704023898264 1.0570742688786576 1.1502169492108973 1.224904287875686 1.2763058725560403 1.420079796671104 1.5637010458078464
68 816 0.6114963544954141 1.5521254114585055 0.38494930989860515 0.38494930989860515 0.6664086308954 0.7270021333412443 0.7403907825454218 0.7482272461354192 0.8033568942463425 0.8142281705836453 0.8756553604148659 0.8993751656651189 0.9264337371860292 0.9607970261445687 1.0706543887439939 1.1460202128589463 1.2244463818854532 1.3073300005224864 1.4301850417317126 1.5521254114585055
69 828 0.5875132909955878 1.5574390705892445 0.38312856483908797 0.38312856483908797 0.666414435578804 0.715262686290735 0.7313351204148426 0.7550415793258098 0.7917163685166262 0.8110657130263014 0.8781169669923122 0.8983559773351524 0.9301589151863454 0.9564924527631653 1.066392534360669 1.1405651043825393 1.223969825408267 1.327678427237656 1.4215131047431318 1.5574390705892445
70 840 0.5733502085758017 1.5701878839829084 0.381826823797818 0.381826823797818 0.6550087702747984 0.7112756027187882 0.7311305300387496 0.755610395017519 0.79140523332168 0.8081349217250533 0.867264342946366 0.8901524175028389 0.9410945578581001 0.9576354615465823 1.066317784067936 1.1400849307943164 1.244225972623821 1.3277780307811455 1.4132783059278045 1.5701878839829084
71 852 0.5377506762305512 1.5714570417984668 0.37756926787302064 0.37756926787302064 0.6564226610520116 0.7144310239124935 0.7318594927442984 0.756380315936305 0.7939477309071065 0.7965207401258226 0.8602169782545581 0.8971380427294321 0.9382471127660201 0.9662313105450229 1.0473580591986276 1.1244109658702077 1.2624497036414777 1.3370475744302919 1.404428235953475 1.5714570417984668
72 864 0.5303741441460328 1.5624446803174232 0.37238003834700795 0.37238003834700795 0.655855561458952 0.7157881765498367 0.7277265611330537 0.749994532513274 0.786757810633214 0.7971521165064704 0.8461381567731604 0.9006445263771719 0.9381189578837618 0.956274409000381 1.057084581297107 1.119132079147613 1.2743284045348833 1.3289406273057753 1.3857174446147795 1.5624446803174232
73 876 0.4979068023306334 1.5656665093511544 0.36814453889628235 0.36814453889628235 0.6615201689765693 0.7086203177120296 0.7230270522511564 0.7525083230884038 0.7758788395864237 0.7975397952077339 0.8428287956704427 0.8956332689849835 0.9326356999361867 0.9587978349804803 1.0572601904682817 1.1219400523977856 1.2784354112695002 1.3257955884497024 1.394526049643432 1.5656665093511544
74 888 0.49746181570091047 1.5557842556160157 0.3649741100992594 0.3649741100992594 0.653339674936351 0.7010799700536514 0.719414318645514 0.7377888724881945 0.7736992868902737 0.7972518515258258 0.8466170026816481 0.9013038442102913 0.930543981506815 0.9751170364873145 1.0557496918627336 1.1172956554123021 1.2677026312364115 1.3222415579165705 1.3926530213733463 1.5557842556160157
75 900 0.5038133496745225 1.5635243205312912 0.35770061054445357 0.35770061054445357 0.659643108436723 0.7038951678893963 0.7180751674587565 0.7305909813808713 0.7659765224003106 0.796887074917782 0.8480040663171393 0.9051490858031372 0.9224160869538764 0.975479667658992 1.0501500342571382 1.1138435387539716 1.2755734674723278 1.3156930922378136 1.3835284399791408 1.5635243205312912
76 912 0.4831933909902707 1.5695507649037117 0.3462014915627967 0.3462014915627967 0.6646530572412387 0.6999835552090324 0.716138511099476 0.7282802049934846 0.7662161987137489 0.8013607172092533 0.8422834601582411 0.900986305203421 0.9254715543566313 1.0000222317046634 1.0401596016094223 1.1087132445747827 1.2715177347766877 1.3236359008215532 1.3835522912201756 1.5695507649037117
77 924 0.46402754324412177 1.5762301269805135 0.3400081024118043 0.3400081024118043 0.6620418604118253 0.6997511059548082 0.7038009803406445 0.7312182916576032 0.7633627481213521 0.8008489017549206 0.8426654705704252 0.9011439268711378 0.9161094773180969 1.006225314008212 1.038290825232483 1.0992632193483494 1.2740639164081982 1.318494870962054 1.3865974091921047 1.5762301269805135
78 936 0.45194344829560235 1.5573996344147185 0.3318420346020016 0.3318420346020016 0.6595335535867083 0.7006748988599053 0.7059648507312248 0.7320215870719721 0.7620068470689355 0.8006640987306218 0.8597612576850767 0.8993242371267306 0.9310606598914786 1.0092000955835274 1.0336899552240661 1.0997587414175347 1.261704437126719 1.2995197771458735 1.4010250842162932 1.5573996344147185
79 948 0.4462107681044656 1.5676521199442375 0.3257743691724498 0.3257743691724498 0.6534392908360092 0.7007615159982145 0.7028981870830748 0.7301713587766497 0.7561563030877599 0.800024637275226 0.8653446677452454 0.9024232175013281 0.9336705476535685 0.9933777867064295 1.0589213469310044 1.1061760431996468 1.254684589054184 1.3033357857322203 1.3795360453678538 1.5676521199442375
80 960 0.41415487366671855 1.5727949413902402 0.3243144382446015 0.3243144382446015 0.6535933501833706 0.6977039369601113 0.7057934403823027 0.730415357696922 0.747985374994589 0.8009437222138698 0.8585915409076064 0.8981661772967985 0.9271950576488656 0.9979436127519807 1.0631770058197887 1.1065833093914705 1.248438038226334 1.2966294572200587 1.399949742325783 1.5727949413902402
81 972 0.39150395385698483 1.569472899138469 0.32353795658119755 0.32353795658119755 0.6522367907407303 0.6931540316457764 0.7019087844073512 0.730833039843624 0.7442457428413605 0.796489064218142 0.8557758662362205 0.8977655900180351 0.9290708057104033 0.9724091134850377 1.0620365559462173 1.1023179525128113 1.2339045410262872 1.2904605279465493 1.4044141991145824 1.569472899138469
82 984 0.37447613902776405 1.5605461871408726 0.3187734704123256 0.3187734704123256 0.6484345456426979 0.6825831853419538 0.6985618132502915 0.7318535015443602 0.746251311515827 0.7964463620825757 0.8427672511412927 0.8959501794428212 0.9277971466046907 0.9916025846195078 1.061732580828987 1.0945100154690097 1.2297519545435636 1.287891683971628 1.4037821932297614 1.5605461871408726
83 996 0.3702340039329822 1.5442418500949306 0.3174076903605452 0.3174076903605452 0.6494462465784223 0.6881898212625556 0.6993330685818875 0.7328593616769561 0.7470322530119281 0.8001365921376025 0.8339469645846921 0.8752416960053954 0.9292585502642746 0.990585842070155 1.0531865357297467 1.1129099386083676 1.2274411961335887 1.286832613194216 1.4013599517404647 1.5442418500949306
84 1008 0.3596579022511532 1.5484933375959102 0.31412238102150275 0.31412238102150275 0.6503379333885396 0.6770983883936678 0.6971918009391284 0.7301873308738889 0.7369358619113876 0.8018767816789543 0.8427644219897277 0.87506835103062 0.9217333129020899 0.9835750518042901 1.0499345693284052 1.1349447578429488 1.2231564110376862 1.283903844898424 1.4038901671901383 1.5484933375959102
85 1020 0.35228740966956473 1.5390828215082395 0.31075142216030166 0.31075142216030166 0.6476666883655987 0.6735733395263518 0.68377644171498 0.7252943196585501 0.7393393343709572 0.8011577392994652 0.8390066113942982 0.8854556415424727 0.9183162501268402 0.9735544552239341 1.0476670896734008 1.1448121767234796 1.2200538134645982 1.274543535419846 1.3962102616231173 1.5390828215082395
86 1032 0.339237516424753 1.5241325040779956 0.3087624318382493 0.3087624318382493 0.6484595742743794 0.664759586875491 0.6807408125252166 0.7146814278607292 0.7377625810978625 0.7988602916789933 0.8291133168087779 0.8824340712152654 0.9183484845163035 0.9778825604193454 1.05115782409051 1.1556334798285626 1.2211564877946925 1.2721334314069017 1.417365471352126 1.5241325040779956
87 1044 0.3313251635683578 1.5179904482114892 0.30500368441660736 0.30500368441660736 0.6437346710478482 0.6654171520054223 0.6811265809911865 0.7162145926304831 0.7329555307937391 0.7892551785951056 0.8276796855288935 0.8839887935268661 0.9290965381919473 0.9742816881247006 1.0429504078007452 1.147648365160707 1.2077516440150655 1.2632072002461883 1.4335982458349708 1.5179904482114892
88 1056 0.31621505180330284 1.515168504013697 0.2990355578452533 0.2990355578452533 0.6420641499393389 0.6701238830845433 0.6771811884654071 0.7185138349079658 0.7326709574025057 0.7881380610959101 0.8308083858377315 0.8752465685692266 0.9371598815669214 0.975251766579928 1.0386731897994905 1.139937640412837 1.1981298012488062 1.2774726785973831 1.4319256034332923 1.515168504013697
89 1068 0.3144044916912713 1.4834034369177467 0.29805434405778325 0.29805434405778325 0.6422840704711299 0.6688664394521141 0.6783736266759626 0.7194863676142309 0.7289646713638287 0.7901259422066176 0.8341283651850783 0.8776180370614857 0.9285922314308865 0.9648577103405362 1.041458181648424 1.1372565744855558 1.1925004378480695 1.279352291379742 1.4102231060404085 1.4834034369177467
90 1080 0.3220503481102952 1.4850452928386457 0.296024675041327 0.296024675041327 0.6335618542890777 0.6622672797931557 0.6770859479470988 0.7302626501604723 0.7324891722658081 0.7775760055414573 0.8357352183895846 0.8856760859167605 0.9307349097426585 0.9585281158206924 1.0395971211189092 1.1438158076266955 1.1950926862382039 1.2944507691402651 1.4059314868380952 1.4850452928386457
91 1092 0.3367889597812761 1.4719001531467804 0.2928046811700521 0.2928046811700521 0.637216865902843 0.6515489586437804 0.66376011183727 0.7231745823155428 0.7302819173435902 0.7695251473472181 0.8382161010294277 0.8926207858111436 0.9514405742083738 0.9692723589286761 1.040470095227421 1.143482891645465 1.208395558557516 1.3111884658062394 1.402190842382575 1.4719001531467804
92 1104 0.3544079657207315 1.4802871154170956 0.29061872363208435 0.29061872363208435 0.6378424980222643 0.6504083435841884 0.6583495956364864 0.7174314573408798 0.7228218558714951 0.7623913516532506 0.8373744442597594 0.9016421961171558 0.9498018049214068 0.9842278570231436 1.0470488740159272 1.1615193185543198 1.2399263090955985 1.3146472505396547 1.403258773308468 1.4802871154170956
93 1116 0.36123400742641937 1.5072093963273023 0.28922355151967694 0.28922355151967694 0.6321943971368276 0.6489702378723675 0.6635826568827855 0.7171902230314083 0.7231830140970492 0.7627865511262178 0.8310374267534796 0.9051534665258865 0.9437150701051846 0.9885033534677907 1.051035236582964 1.1473960853482472 1.242430366744615 1.3215162980880286 1.4015918138135133 1.5072093963273023
94 1128 0.36147121100769386 1.521860684731312 0.2890852984654482 0.2890852984654482 0.6344485611609051 0.6496350688653463 0.6552574598169961 0.7142301530036681 0.7254228497990551 0.7662900908163189 0.8292511707149296 0.8951052836538002 0.951796689312776 0.9875412398316216 1.0364149697804814 1.1452203679208643 1.2502673159914628 1.3092903031314669 1.400235885919171 1.521860684731312
95 1140 0.3700997461385855 1.5163328645753305 0.2881768474487249 0.2881768474487249 0.6222187309923441 0.6407862319422121 0.6523945737237236 0.6968116184890626 0.7305940313060584 0.7565411085289558 0.8318675159722372 0.8903944799253627 0.9506778450914859 0.9914686043153893 1.0450765393646104 1.172565603898173 1.257155992687027 1.318601409778972 1.4106998686942893 1.5163328645753305
96 1152 0.36578577033479964 1.5097491290799943 0.2861721521191719 0.2861721521191719 0.6053954631000523 0.6398001506794552 0.6505996309221391 0.6979509558604052 0.7315400110045644 0.7562624160551235 0.8298832311274326 0.8925353401422854 0.9438179746799545 0.9971718370903814 1.052899204427314 1.1721192800330613 1.2577091556176392 1.3496233864740481 1.4190226326598474 1.5097491290799943
97 1164 0.3510021906080563 1.4982459371051216 0.2827238897980475 0.2827238897980475 0.6012997232577157 0.6323460839366566 0.64492062112439 0.6924790226776836 0.7309363801580223 0.7565045971168646 0.8313647837917307 0.8873321126466692 0.9288848508984483 1.0034156280234836 1.0537807817634155 1.1778532868729126 1.2677250119158072 1.3531056857621206 1.4274859716210617 1.4982459371051216
98 1176 0.3325239396938623 1.4986892775143201 0.27875296726033677 0.27875296726033677 0.5873406968399001 0.6278688419335641 0.6440203261697266 0.6930858802956789 0.7282618250775792 0.7713830888920159 0.8270635342408513 0.8924381349428082 0.9233104967721386 0.9967703607715944 1.0525618288349365 1.1672267861768892 1.2787192742438624 1.3379082935879705 1.4292872905643272 1.4986892775143201
99 1188 0.337867737742934 1.5092378103735862 0.27678965821223034 0.27678965821223034 0.5877288108797011 0.6251016017969336 0.631020612560193 0.692976752941803 0.7297317534740625 0.7796215463640014 0.8192731830759288 0.8818507503621723 0.9189152385748695 0.9954399700489295 1.0435346909306114 1.1652225761633013 1.2816954475122968 1.3373034293055737 1.4392298799938157 1.5092378103735862
100 1200 0.32329453833022836 1.5064969189108368 0.27242876088065393 0.27242876088065393 0.5827800799496778 0.6179461724875338 0.6291085987849532 0.6914136923918215 0.7396627793701899 0.7781848125476729 0.8237138481743318 0.8810694034591467 0.9224495331559813 1.011972913154402 1.0413231715337021 1.152260829320624 1.256835537819299 1.3715136426708312 1.4299302708055859 1.5064969189108368
101 1212 0.32323385709772534 1.5359566880779834 0.2648866890330913 0.2648866890330913 0.5809781557437842 0.6199695486981669 0.6224081686518066 0.6929107764889529 0.742671763348004 0.776282013815093 0.8435515693592116 0.8746232247278966 0.9169901421671712 1.0167269873685785 1.0440380541707648 1.1525390184928332 1.2380480617896406 1.3833105671636299 1.4279960092885846 1.5359566880779834
102 1224 0.3310605510025143 1.5320976133658648 0.26139169640899795 0.26139169640899795 0.579300440385339 0.6158311781190876 0.6391384876777813 0.6939598882184246 0.7375069606795357 0.7697665024661693 0.8443457867521776 0.8673507891376833 0.9115780910789852 1.0284731753980239 1.0540910205204967 1.1551092037834236 1.2283849202081438 1.3982939339704317 1.4144013202083807 1.5320976133658648
103 1236 0.34559287239200986 1.5384281624371254 0.2525513029815725 0.2525513029815725 0.5776961533323371 0.6130450735690741 0.6433656489040975 0.6977278801855474 0.7337197458132627 0.7717121795541072 0.8467857827451475 0.8682190250900104 0.905569322728822 1.0373117918130434 1.0630007584269252 1.1436252927302963 1.2501724770223435 1.4057446819778134 1.4236138472722684 1.5384281624371254
104 1248 0.3423911430208469 1.544392311495359 0.24828807999015404 0.24828807999015404 0.5705714272972637 0.6139126831495905 0.6456379435150933 0.7222521672146521 0.7316864463223447 0.7693113667363218 0.8560261551231418 0.8748118523729532 0.9157531370061914 1.0395142238292177 1.0638639030207588 1.1409488195173205 1.2453970459085437 1.3843205116130726 1.410872928776365 1.544392311495359
105 1260 0.3364215860003727 1.5435443860192533 0.24337181670527008 0.24337181670527008 0.5707931586939307 0.6204014266191661 0.6425431024491979 0.724629008458575 0.7332219213768087 0.7582857040746412 0.857429305225128 0.8725651877981652 0.9181383231143205 1.0215427304060902 1.0682395706404184 1.1435702626001054 1.2539881245903357 1.3744275689155063 1.4073937491959696 1.5435443860192533
106 1272 0.31982389916082393 1.5345011699734914 0.2397736106594181 0.2397736106594181 0.5658186350548992 0.6157258860936761 0.6448542586391182 0.7263401321517144 0.7298671640866112 0.7677920238456961 0.8582710771864759 0.8730958508823641 0.9199270257051195 1.018355615249536 1.0672353679108524 1.1374013599209538 1.242678892150109 1.3728025695999468 1.4018588178419293 1.5345011699734914
107 1284 0.31232306324474973 1.5254283499848444 0.23689382002800363 0.23689382002800363 0.5611622102305738 0.610116238043316 0.6465889001029909 0.7195146838267092 0.7292065354860785 0.7627228557429928 0.8580567703176136 0.8832382790291351 0.9140522616814488 1.0120534566013373 1.0609780347164675 1.1423275407808384 1.2538880739289875 1.3740827792695725 1.383676154197518 1.5254283499848444
108 1296 0.30075187830314476 1.5221740765880536 0.23555773183723028 0.23555773183723028 0.5562484708179686 0.6034543283683352 0.6461355169080771 0.7152386255823131 0.7313456570204537 0.7587563067674901 0.8524211148525309 0.8866009748524443 0.9138298537939658 1.0200503528928393 1.074294777550138 1.1468184545936582 1.2551248648567654 1.35953745119448 1.3845407880773877 1.5221740765880536
109 1308 0.2984634420346215 1.5220176292688978 0.23058516422748887 0.23058516422748887 0.5530878178468496 0.6008256869646591 0.6417938108793425 0.7062205709352959 0.7306041384993744 0.760501371097923 0.8525616024195801 0.8811029172965393 0.9117797019080063 1.0160620048578552 1.0714790796082667 1.1496237316819786 1.2663718095431158 1.3524542306947192 1.3880393683865304 1.5220176292688978
110 1320 0.30474949235416166 1.5177955027837349 0.22854164721573197 0.22854164721573197 0.5491360441858724 0.596812027443322 0.6438664737512871 0.7010877623195658 0.7324797030274354 0.7532526519801285 0.8481525783978052 0.8809165652356292 0.9174424820710986 1.0233198307082056 1.07498585612189 1.141679448463898 1.275467662828047 1.352577293121993 1.4184272628095493 1.5177955027837349
111 1332 0.3110988792902936 1.54722530548017 0.22436837107171312 0.22436837107171312 0.5484132664077913 0.597092579355331 0.6387815193345302 0.693962121405462 0.7259170115583284 0.7514573553516609 0.8436737394775968 0.8793096507103589 0.9155054370625222 1.0326056902034444 1.0868810198437546 1.1425480324526418 1.2657532810326475 1.3516982085914484 1.4451322650226566 1.54722530548017
112 1344 0.32053373706734783 1.5880073208551682 0.22162183665711954 0.22162183665711954 0.5483695633946012 0.5897621517301924 0.6351823877274405 0.6940846711872773 0.7238081623770045 0.7521621227094428 0.8306757860568452 0.877374877741402 0.9197676959117351 1.0367800797148032 1.0905758287627831 1.1282602134269484 1.2715067276207241 1.3543220330609713 1.4185562484538288 1.5880073208551682
113 1356 0.319586513749542 1.624774763197004 0.21656998466291888 0.21656998466291888 0.5436930428422163 0.572077134890737 0.6325228506922929 0.6930861604968378 0.7189177124163895 0.7522030515003147 0.8372581801377602 0.8763912247196933 0.9220829096237768 1.041038335202678 1.1057446907284656 1.1290466190571025 1.2664849519659245 1.3505985571217072 1.423281761780615 1.624774763197004
114 1368 0.3251442559442047 1.6584280619455203 0.21383334107012375 0.21383334107012375 0.5386784587028369 0.5731841449139726 0.6357184279943405 0.6936374806355626 0.7137275030184684 0.7566412067190584 0.8310002880223903 0.8712086422070969 0.9202025063787895 1.0365829741280677 1.0984572082100503 1.1293590197359888 1.253881292231807 1.345070423402821 1.4121807701841969 1.6584280619455203
115 1380 0.33667108719848 1.6736127928725066 0.20876717984740847 0.20876717984740847 0.5419676553181778 0.5746845044912632 0.6340990764299602 0.6843216982108422 0.7175719623782615 0.7566771647107798 0.8277819875887996 0.8632938468388801 0.924544769286953 1.031668412933969 1.1008673592330842 1.1342877349690645 1.2487382865040837 1.3488803443836468 1.394842154070097 1.6736127928725066
116 1392 0.35028401174637946 1.68319624851962 0.20476162235171086 0.20476162235171086 0.5409950811730908 0.5726249839707863 0.6258082114615355 0.6845423335463577 0.7303422225698798 0.7572174323808419 0.8270923297339273 0.8634190302300312 0.927713577743703 1.0317336529525385 1.1175596424863123 1.1316699640462489 1.249997060595682 1.346189395792601 1.388702680285207 1.68319624851962
117 1404 0.34566944325773474 1.7072449270168697 0.20398258671337244 0.20398258671337244 0.5414924745753935 0.5709795496056086 0.6243457441256439 0.677217998273577 0.7344432756560983 0.7570893045298419 0.8164886934741639 0.8683343491602661 0.9331556543440164 1.0324758743107285 1.1236923246772517 1.1467002894075378 1.2415147784350973 1.3337740194221503 1.380487865131701 1.7072449270168697
118 1416 0.3553511417907617 1.7185476777919357 0.20196378936094042 0.20196378936094042 0.5400708346810785 0.5671387743813546 0.6237300570729928 0.6752267899209247 0.7306846400763914 0.7456775140698327 0.8178616988707289 0.8684402636190602 0.9308490171584184 1.0084544195787626 1.1322109308531314 1.154846617991352 1.243706812373355 1.3371051712617954 1.380270449827404 1.7185476777919357
119 1428 0.37837395760355874 1.7232736688902344 0.19867913732979015 0.19867913732979015 0.5433644667686569 0.565549198669135 0.6281286110827344 0.6696899599002221 0.7316083691232893 0.7467434636999966 0.8084332478163789 0.8629736444731179 0.9271781320198099 1.0088587784836538 1.1324451048120079 1.1642353477960097 1.2511805217991938 1.3328228080545752 1.401354358675047 1.7232736688902344
120 1440 0.3768270966119034 1.7368135202633803 0.19904061474591475 0.19904061474591475 0.5439570239956882 0.561431575189768 0.6304897122696234 0.6710008015193951 0.7280872319875307 0.7494307240753681 0.8349500328915226 0.8714073245911252 0.925033783198948 1.0045672303716273 1.118892134963724 1.1574735431880947 1.2409776749464592 1.3288533000177 1.3960756984675444 1.7368135202633803
121 1452 0.3756816227610485 1.7369350070708651 0.19774637843246914 0.19774637843246914 0.5463847600280135 0.5605053146512834 0.6285358579644734 0.667897772032026 0.7216934017963345 0.7506969988614043 0.8325047929425247 0.8718099183850868 0.9291329704758281 1.012180738650463 1.1236590757715272 1.1431014628808072 1.2278942020570427 1.331850393846309 1.3919938513147314 1.7369350070708651
122 1464 0.3659319222809882 1.7456625860741901 0.19711652341663355 0.19711652341663355 0.5420839850145525 0.5623998120508908 0.6257543015184746 0.6662477298876434 0.7231315628492822 0.7516924828855226 0.829586713260894 0.8642030796842056 0.9198640636998888 1.013981740378402 1.117519808103417 1.1358991600881976 1.2201125502851171 1.3447976269141289 1.3897014463456059 1.7456625860741901
123 1476 0.35534994034263867 1.7326315250624182 0.19561194128296513 0.19561194128296513 0.5351153607839486 0.5642110196490702 0.6287107181665795 0.6641117983091865 0.7268336357016696 0.7565379794545444 0.8317307505879942 0.853693835028908 0.94127897752767 1.0034807831562211 1.1176729987180944 1.1332945899704354 1.2237091039464498 1.33109543961885 1.4029610944747057 1.7326315250624182
124 1488 0.35748517746936875 1.7087342535190964 0.1947813169631089 0.1947813169631089 0.5352234881978883 0.5702283488379938 0.6286736046796013 0.6549445649402441 0.7233289581149246 0.7542323776456302 0.8262342003243465 0.8532503126621106 0.9370590078200324 0.9951710187691623 1.1117463323149346 1.1215350246018474 1.2271409403120639 1.3397562958709275 1.387252661812282 1.7087342535190964
125 1500 0.3579957987020282 1.6997779399065724 0.19111196539810638 0.19111196539810638 0.5322901925303493 0.5756885176138437 0.6267330967420586 0.6589663369319891 0.7159855944238152 0.7560649654464682 0.8292463188560303 0.858312892385069 0.9311276711384322 0.9885230656115525 1.113392557037837 1.1180893961505343 1.2175992232248527 1.342414307353906 1.3928832464142928 1.6997779399065724
126 1512 0.3586355481307541 1.6991252133044508 0.19000226066247358 0.19000226066247358 0.5214061993468845 0.5836366190568313 0.6271787475806988 0.6595553573908878 0.7117446167655187 0.7618789674244544 0.8311346015513883 0.8677607833066862 0.9264278564411195 1.0024302589812681 1.1005958797087465 1.1109256030149448 1.209352559804958 1.3353801266572756 1.396201226957137 1.6991252133044508
127 1524 0.3488216043310981 1.6964009721599134 0.18905872421288852 0.18905872421288852 0.5137925972819157 0.588405828795154 0.6356775484184632 0.6615307687377744 0.7144846781310857 0.7675716818730816 0.8227473701404227 0.8718184051093132 0.9183502087840258 0.9852872936787462 1.097789075662453 1.098402699786945 1.211346600215354 1.3437702563775638 1.3942747830645694 1.6964009721599134
128 1536 0.3407740887030936 1.6919180678013557 0.1854252644349543 0.1854252644349543 0.5137195374938119 0.593344781005488 0.6311491067952711 0.6567883353812554 0.7183302971344869 0.7569820482153289 0.8242303263135299 0.8780340485580977 0.9242760768635268 0.9758289128317543 1.0903431497589269 1.0931798176448404 1.2166340425121838 1.3378046218547477 1.3908817979833559 1.6919180678013557
129 1548 0.33953257263686915 1.6762715741960816 0.1846448848217927 0.1846448848217927 0.5139362872689611 0.590057649716293 0.6373095500702523 0.6573106345663918 0.7201113955850166 0.7572615105202997 0.8184869707036287 0.8701320552965263 0.9290390877438471 0.968096050526745 1.0821215179832633 1.0953573772002907 1.2127770636320885 1.3178361187004195 1.4030880478369898 1.6762715741960816
130 1560 0.3376565790660033 1.6757444692683878 0.1832672516035006 0.1832672516035006 0.5140035207049426 0.5807060850230915 0.6417933106588103 0.6535744350542563 0.720880936853222 0.7542565832839571 0.8338010369435266 0.869040247066298 0.9275426105914878 0.962295184450139 1.074389617571128 1.0960668019642397 1.2145973384267659 1.3092322167453394 1.4146678499797476 1.6757444692683878
131 1572 0.3270285274205475 1.718562144929029 0.18180006509805702 0.18180006509805702 0.5074349107642637 0.5767205034921088 0.6387555460807289 0.6533039537162769 0.7234141715935594 0.7569423556881256 0.8215749202631586 0.8637919732129472 0.9391801101953741 0.9665292216101048 1.0781013090293554 1.1074545941833096 1.2013504354054994 1.3063983866109852 1.4401165068376234 1.718562144929029
132 1584 0.33249450895256494 1.7227426576002152 0.178614612591065 0.178614612591065 0.5056594397149421 0.5825362461709086 0.6398396902891421 0.6526225932311667 0.7267534908422998 0.752928920731414 0.8175211496087014 0.8594121901316312 0.9440595571399887 0.966036387026959 1.0792814746503416 1.1109375452309245 1.1952456644950316 1.2935378093589505 1.4382945232880713 1.7227426576002152
133 1596 0.3203971381999985 1.7154100263284138 0.17516090699307893 0.17516090699307893 0.5009277640421448 0.5786402423461021 0.6377249215045644 0.6520436692277571 0.7268282716040889 0.7525746065181577 0.8056301764951638 0.8681840964820264 0.9451624544315333 0.9645649132946927 1.0795740319990452 1.1283427638653394 1.2026700583727907 1.2989301603418137 1.4567094435656163 1.7154100263284138
134 1608 0.3137595442142335 1.7219886960107749 0.1730298414212797 0.1730298414212797 0.49979055564640695 0.5806208643941494 0.6348955422137661 0.6516590265883364 0.7290515835558738 0.7545507834611316 0.7993465817343421 0.8520723131761683 0.9411093815780912 0.9642371921183966 1.0586929171886112 1.131843562609779 1.202693140395694 1.2926271107475924 1.4525717107393423 1.7219886960107749
135 1620 0.32007383305542203 1.7205756895632798 0.1724588769400578 0.1724588769400578 0.498046379264857 0.5816331232805663 0.6279459730544705 0.659858395101108 0.7197048530390265 0.7528007825882987 0.7893417732875193 0.8475026038309229 0.942720159744005 0.9581005264088008 1.0550549898181867 1.1597913872208754 1.205904204314846 1.2962908170641623 1.440435356662631 1.7205756895632798
136 1632 0.32603994805449266 1.7559863250332948 0.1697394173603282 0.1697394173603282 0.4929236180300124 0.5700079306212598 0.6269088854133202 0.6567765151606755 0.7178608622951589 0.752143844507033 0.7830287519667967 0.8493584506416025 0.9343179537410489 0.9731842672550006 1.0411386396237894 1.1673200230389673 1.2227018218790089 1.3248386751141612 1.4543447749219487 1.7559863250332948
137 1644 0.32673547371452255 1.7094346689365836 0.16865106323616522 0.16865106323616522 0.49436036743301615 0.5705556971012976 0.6256673094922599 0.6603147277046915 0.7260216268248681 0.7562310463458589 0.7849306188769613 0.8430933379634618 0.9086500571764414 0.9737580969309284 1.0376911994031661 1.176778442704608 1.231461122506195 1.3565878358172976 1.453660985117944 1.7094346689365836
138 1656 0.31561865014088497 1.7261939095544216 0.16543506149049042 0.16543506149049042 0.4904875100194267 0.5637240340363282 0.6224929191108576 0.6472831226024982 0.7276148657418002 0.7591207452834768 0.7846918767915948 0.8529086969171749 0.9128142327058818 0.9747975382828655 1.0345835133155517 1.1800881069423517 1.2235147598048177 1.3629447096904084 1.449156032846033 1.7261939095544216
139 1668 0.305467018491998 1.731879384534198 0.16381176470481199 0.16381176470481199 0.4855226749499567 0.5621623263243986 0.6169766242092859 0.6496126479577394 0.7227629107805856 0.7552953917721251 0.7991551340138632 0.8459040539777147 0.9050110391728531 0.9714825334461247 1.0306320388026435 1.1778620819728893 1.2312021157560156 1.3492022520949634 1.4421000440519312 1.731879384534198
140 1680 0.2986430259930963 1.725800112587985 0.16259813029442807 0.16259813029442807 0.4852897527172567 0.5457353807295795 0.6143862874821483 0.65300139394365 0.7211431187693588 0.7547989566922795 0.798022092036135 0.8456628830857913 0.9068181645307158 0.9636369985775356 1.0418795181211897 1.1827344175502053 1.233353771698087 1.3440907554515362 1.4348879254269138 1.725800112587985
141 1692 0.28999213546089686 1.7169377179711303 0.16214643691504993 0.16214643691504993 0.48284242225973445 0.5430253835831214 0.6110894603309945 0.6540103998884368 0.7103009017315236 0.7459049113398288 0.797660875505093 0.8512357987075495 0.9068520587348519 0.959771281621831 1.0399333455737434 1.2002652392910422 1.2351929466637126 1.3276264623445686 1.4282217416150205 1.7169377179711303
142 1704 0.2906533281696719 1.7001946096090848 0.1567193421689344 0.1567193421689344 0.482258059906603 0.5460083165631742 0.6033275634772121 0.6517807786336162 0.7141118352518463 0.7417433690629405 0.795226684122288 0.8599079147711978 0.9025746408048884 0.9588622568888713 1.038295217549281 1.2086155393305231 1.2206268929763948 1.3286257169930553 1.4240237650731282 1.7001946096090848
143 1716 0.2795287672350675 1.7130776697707473 0.15508164837366073 0.15508164837366073 0.48403758799893304 0.5482009167498737 0.5969030458387987 0.6544967866100396 0.7229932653367589 0.7426482890308765 0.7893441910653315 0.8586087071093397 0.9046688903091777 0.9624996946380269 1.0377096593721251 1.205423470472315 1.2162151087762885 1.3291386320571492 1.4185287005802247 1.7130776697707473
144 1728 0.2740893886705915 1.7078606021816116 0.15245277649425237 0.15245277649425237 0.48614046843116415 0.5499108721820101 0.5937886144687425 0.6364248981846047 0.7237091165540096 0.7427784999942556 0.7833795007121676 0.8546024525700562 0.9049761724891947 0.9923133540053151 1.031031335238406 1.199892772181698 1.225179206561434 1.334841102302485 1.4212439582534138 1.7078606021816116
145 1740 0.26306259886971634 1.752341458582663 0.14932463695925527 0.14932463695925527 0.4850299559861525 0.5501667057446863 0.5967343246621334 0.6372843580012282 0.7188442221321563 0.7507160858271292 0.7823824041878653 0.8363590054273299 0.8975336786619067 0.9935850890051275 1.0239036822088667 1.1951694815693574 1.2259988114033582 1.3252862790844617 1.423147007700922 1.752341458582663
146 1752 0.25294498002986165 1.7485040342484826 0.14629525369655785 0.14629525369655785 0.483302987683336 0.5447025455023886 0.5960981950121483 0.6361462649421732 0.7189286986043243 0.7441688884192414 0.7834211593139333 0.8332806862274974 0.9042926425542036 1.003363804178731 1.0252134068285887 1.1976923466954754 1.234982766123869 1.331679530998014 1.40546792020941 1.7485040342484826
147 1764 0.2467350656192651 1.7440779772720965 0.14159210825630622 0.14159210825630622 0.4820225246161999 0.5542851580292009 0.5959919948176271 0.6399689974702005 0.7211538046210465 0.7440377305753842 0.7757637463931676 0.8289673397457054 0.9054874968946763 1.006169821635449 1.019072442816507 1.1947827860365774 1.2347987651764607 1.3384922187248456 1.4095288249745077 1.7440779772720965
148 1776 0.2435432309608185 1.744316939596043 0.13845295900708024 0.13845295900708024 0.4845624145807344 0.5579530077586488 0.5961849413549486 0.6461166914960204 0.7270597460486894 0.7365086976696791 0.7768723096644632 0.8300811254657743 0.8939919632629316 1.0052971053040052 1.0284215313768201 1.1986000700452333 1.2232297108043497 1.347589743064277 1.4061777907240869 1.744316939596043
149 1788 0.23968093196985785 1.7590035178593753 0.13748566999658524 0.13748566999658524 0.48397723710359425 0.5629094095008299 0.585885856987379 0.6483404504626437 0.726815766579729 0.7375133145954108 0.76948017553941 0.8165780931742129 0.8809321783411924 1.0044793430015608 1.0299232146670974 1.1824558769629285 1.2313718783653378 1.3461702458303928 1.4123966819322615 1.7590035178593753
150 1800 0.2380887955109364 1.7664649716719543 0.13617484843755578 0.13617484843755578 0.48208384882810484 0.559790167885381 0.5834651684069394 0.6526539200813296 0.725830075444209 0.7326395341432789 0.763632140445748 0.8077450898957107 0.8827231240231127 0.9906780894307959 1.03585660775523 1.1746041405430436 1.2223573880614307 1.3549079141742928 1.4196626761200286 1.7664649716719543
150 1800 0.2380887955109364 1.7664649716719543 0.13617484843755578 0.13617484843755578 0.48208384882810484 0.559790167885381 0.5834651684069394 0.6526539200813296 0.725830075444209 0.7326395341432789 0.763632140445748 0.8077450898957107 0.8827231240231127 0.9906780894307959 1.03585660775523 1.1746041405430436 1.2223573880614307 1.3549079141742928 1.4196626761200286 1.7664649716719543
