% # columns="iteration, evaluation, sigma, void, void,  stds==sigma*sigma_vec.scaling*sqrt(diag(C))", seed=500316, Tue Jan 13 19:49:53 2026, <python>{}</python>
1 12 0.47326344519129404 0 0 0.48424618896229704 0.4716025066674808 0.4731683477683847 0.4751245777855013 0.47100284003749543 0.47944712054860456 0.47190200851994935 0.4758765348251477 0.47184211053757596 0.4757352673995285 0.4691211115116892 0.47440776530717993 0.4757674753065314 0.4666545903210581 0.47092574145931415 0.4715281623101563 0.47143284821673365
2 24 0.4808801952496773 0 0 0.5022991291116566 0.4776752308051733 0.47838659757197477 0.4819220800625148 0.47773188127758265 0.4868758562902618 0.4812191686061334 0.4853487271051507 0.47182626836140173 0.4810813250231632 0.4754959133777053 0.48418333204366726 0.4928798395263508 0.4778429460971061 0.47551275514101193 0.4785641421246894 0.47712465049015745
3 36 0.500753998960267 0 0 0.5272815700221803 0.5059618879949311 0.4963761695386563 0.5018585224767291 0.5039261555443325 0.5051176303370687 0.5047630091718363 0.5084758092561743 0.49147893976292784 0.5011790405251669 0.49177824121331903 0.4968443840022872 0.5178067351505409 0.5022844033295116 0.4940621737443876 0.5012795601611247 0.4893999844619332
4 48 0.5438555018934169 0 0 0.5720299404968214 0.5598779997886909 0.5434737045635802 0.5405898877640194 0.55416886672771 0.5606864726544339 0.5425574450066806 0.5695419915557134 0.5319121315393466 0.5420769806325934 0.533019962366628 0.542873158294133 0.5641234486295175 0.5466389605717161 0.5316860009870458 0.5472501157173727 0.5312639547450856
5 60 0.6027066328007529 0 0 0.6420734391458364 0.6244819990187248 0.6124105134024295 0.6021491380496915 0.6099669031298852 0.6230306020000246 0.6006649304857308 0.6311796637642887 0.592121150301999 0.6058969266150457 0.5944942453043451 0.5973989545947292 0.6235653533466972 0.6038505875205709 0.5871750991005595 0.6062018357220528 0.5876017256800816
6 72 0.693713715125349 0 0 0.740560036100842 0.7177915483477779 0.7086463866561522 0.6927674750087991 0.7019483929458854 0.7129954423760235 0.6883796227484418 0.7358691230414743 0.6823122316683143 0.7050878936151896 0.7010596487843763 0.6818047661649526 0.7154586318591764 0.6893978742170627 0.6828278268508143 0.6946222120421947 0.6699754014526749
7 84 0.7703230352664199 0 0 0.8144016652210981 0.79277087828761 0.7882279592791219 0.7745502649697931 0.7830808979569125 0.7880700873066476 0.7708729408542603 0.8129521903663355 0.7680903983012507 0.7820308350525693 0.7757035598089889 0.7578960784152816 0.7831211900947782 0.7556257444145862 0.7630275861372342 0.7862536664989636 0.742905324894443
8 96 0.8487664161490747 0 0 0.8984585365604654 0.8594505906250999 0.8622982517263812 0.8490611699151257 0.8692400817901118 0.8626212261045083 0.8419878514126535 0.9257785888071537 0.8463216841504604 0.8522090898952923 0.8560067239466663 0.8288868112433303 0.8609403404650074 0.8313560323743521 0.8321704264999753 0.8661382847816435 0.8188723165519329
9 108 0.9295077743598348 0 0 0.9930726440411685 0.928197853661277 0.9286175173512442 0.9323599146451146 0.9832223933174559 0.9503974204432752 0.9226948236539072 1.021867404238461 0.9189864610122966 0.9286954441802856 0.950558593325434 0.9059044191084087 0.9436985102225387 0.9141373479334923 0.9105845356513211 0.9418014173138698 0.8970317557105055
10 120 1.0096925544860977 0 0 1.081569746833681 0.9854734624074692 1.0057948295684693 1.0176963347076102 1.0559743188056296 1.0441846741980325 1.011149138986312 1.115472908588829 1.0057030506253568 1.0244799934553788 1.0322329469432014 0.977508062457189 1.0251720037869942 0.9935046172669487 0.991857088124319 1.0200644536691865 0.9782198916744744
11 132 1.0625751101267824 0 0 1.132809226006377 1.0307873834878696 1.0570389177867288 1.0622906530980045 1.115447377238916 1.1149682772297542 1.0576555951079045 1.1637795077873052 1.0531681698997744 1.0928555572224723 1.0998545501822103 1.0208501391174298 1.0816715056958668 1.0378102098565893 1.0459162417792642 1.0918581338327242 1.0163728043667581
12 144 1.0612479652052713 0 0 1.1386060246823544 1.01745441683706 1.0495452366011024 1.0470412501097859 1.115323192210127 1.1221956463977767 1.057564197393846 1.1530290341314389 1.034479481011746 1.0932685086189986 1.1080915169089376 1.0260107513905834 1.0751636041056607 1.0360834391341895 1.038848827913416 1.0925579563887413 1.0073916445869664
13 156 1.0412602874237826 0 0 1.1266008521326711 0.9817823600934328 1.0251283393479034 1.0258957468789887 1.0929965787388323 1.1162810704819373 1.0440169997745838 1.1336854676083676 1.010908773042322 1.0768208962023373 1.0969189452388115 0.9945352120171522 1.0592059779134289 1.0130316097785843 1.0006260939061167 1.0604762760140256 0.9872870182345463
14 168 1.048196142083613 0 0 1.1315580172708675 0.9755453008436743 1.0510302405790062 1.0354785848219186 1.1047311768388437 1.121765403279699 1.0354986625604488 1.1372775117873772 1.020409638036498 1.084762545509342 1.1091135894141515 1.0017140905895816 1.0604732268376644 1.0096067842147904 1.012007047661597 1.0657127007732579 1.002572985905346
15 180 1.059347820807618 0 0 1.1559652676361398 0.9683552135359376 1.0710675103087386 1.062032339634758 1.110306165424613 1.1451132356139107 1.0399467184703173 1.1572979181405076 1.0357774662716537 1.0992145151811736 1.1250793097200644 1.01035404545648 1.0614236406823225 1.0135038742048736 1.0145605509792504 1.0711721554279958 1.0013719580241949
16 192 1.0649899510749787 0 0 1.1831856339296953 0.9640663521691116 1.0749235150625656 1.0670778984425995 1.102962119528106 1.1487203825417025 1.0460737767631765 1.1622261282600637 1.034098086133455 1.1017403224408935 1.1416738368200585 1.0136226465692981 1.0712980922544653 1.0095644677742954 1.0002893220152842 1.0739487871271678 1.0001480156268356
17 204 1.0511317579704267 0 0 1.1635713853426444 0.9395652861602445 1.0721457741340654 1.0510684670253678 1.0860790310531647 1.1392544653798533 1.0295880522152439 1.1441513930533433 1.022108935906967 1.0731785828300344 1.1246885012967742 0.9997648318530712 1.0663458277704245 0.9972767556618621 0.9711762422652109 1.0552055742566542 0.9871547692681095
18 216 1.0487183543403402 0 0 1.1514797635191123 0.9182985595921812 1.0704531395013368 1.049752940093942 1.0797026241726333 1.1406599990470878 1.0244484163206682 1.134398738779017 1.0281649026031003 1.0530310943215953 1.141679492209265 1.001475940925455 1.0687707470923775 0.9971753081922397 0.9710072933115397 1.0552359092573989 0.9896350097299472
19 228 1.0305611278497049 0 0 1.1296895534279847 0.8678290111605304 1.0490717084900005 1.026071198078858 1.0592486284788947 1.1198094062701813 1.0060570831810607 1.1181295878072672 1.0161932352136744 1.0303440745052588 1.1125331648470582 0.9776853536775347 1.0507594969100644 0.9911554050025047 0.9628083924995618 1.0440235596495846 0.977047094636633
20 240 1.005322680238006 0 0 1.0915930310417363 0.8376567116092033 1.0122493094041538 1.001051661631834 1.037385400695848 1.0793389454150881 0.978739710452646 1.083662882938197 0.9853188646648282 1.0061385334622541 1.0936795015443233 0.9474110795520508 1.0190350866742206 0.9728700105963365 0.939675839656149 1.0200414129108795 0.9655047177421786
21 252 0.94837287819926 0 0 1.0245802813207883 0.7755515531919103 0.9648663551195755 0.9398062712017361 0.9674235564570177 1.0176852677398036 0.9180034685892652 1.0098192713823209 0.9243975910548798 0.9422486970194708 1.035558799117834 0.8960907140757352 0.9590646746330166 0.9150275022457918 0.8941618364279653 0.9516738102583501 0.9140055548399314
22 264 0.8976841501654111 0 0 0.9749916625930889 0.7176385216209807 0.9069162420802935 0.898866825731053 0.9117137394332782 0.9634750127418598 0.8717155739731907 0.9492345346465396 0.8689284449490753 0.8942497514004822 0.9959776061010078 0.8470387693794915 0.9164843188779387 0.8606760756372905 0.8493371246429987 0.8806244532501676 0.8643813812579998
23 276 0.8490915393051639 0 0 0.9224261084520089 0.6685040529189196 0.8563502929157139 0.8439509612777674 0.8598340466891706 0.9250189622103031 0.8313190959965429 0.896393990484534 0.8217649169122202 0.8459057536527795 0.9599736972096504 0.7991015715150239 0.8678096982241005 0.807514236489248 0.8000766026094969 0.8199917980426664 0.8117579513376448
24 288 0.8331252959600259 0 0 0.9068356254670035 0.6442821785802101 0.8337951813358861 0.8250396702401044 0.8465839349319325 0.9155425766631528 0.8182511772578558 0.8727017236541976 0.8070029524104035 0.8425555469815414 0.944374080300447 0.7798865135965045 0.8490579998489804 0.7857530732652681 0.7804368318056201 0.8120682198115564 0.7977664092753987
25 300 0.7967535720947496 0 0 0.8595689265574165 0.6129755173016354 0.7920254662583901 0.7852521566669728 0.807834277695305 0.8734627002488174 0.7829725155115814 0.8306466432370166 0.757805224170671 0.8064572574835968 0.9027059417362164 0.7425352366304702 0.8047265856729932 0.7529769015930984 0.7475703222542749 0.7765205119519789 0.761729314820024
26 312 0.7913451241927302 0 0 0.8411786556016507 0.6027733256442707 0.7853011514018274 0.7702286913755644 0.8042809481812793 0.8714707991701212 0.7773450329258917 0.8230717515928662 0.7436363454965798 0.8037302014892465 0.8806067535927781 0.7344740229359223 0.8226597024489923 0.7408694623913907 0.7413057864298226 0.7743635254440849 0.7517758675673346
27 324 0.7890259835564595 0 0 0.8436366398304591 0.5909238254205497 0.7804785238514648 0.7747026377965957 0.8022678278462952 0.8731196314995094 0.7749840657586679 0.8276365778187191 0.7319481874181255 0.797007495787616 0.865306061759148 0.7311519430235645 0.8250036188527827 0.731671230601273 0.7403579624339479 0.77437962561651 0.7615475294797761
28 336 0.8224900030661979 0 0 0.881943349622497 0.6121539500747524 0.8212357538230697 0.8003131321742226 0.831615679058193 0.9241234259827359 0.8069047975113351 0.9036553696111473 0.7619768626738384 0.8281491028121786 0.9109286126285672 0.7688098129843824 0.8549664762410745 0.7542337949104198 0.7773605795564111 0.8098167361175688 0.7873709009391343
29 348 0.8410772568830982 0 0 0.8999051596288143 0.6139141047719595 0.8424890909675234 0.8177359346330272 0.8405145752144251 0.9338739247907839 0.819553739699035 0.950289796180874 0.790144889829632 0.8484169713109506 0.9293240268013582 0.7803175939838016 0.873322348878178 0.7654908458436492 0.8008736900999771 0.8257021661591568 0.8057844786634089
30 360 0.8955250944748335 0 0 0.9809763557132615 0.6445912786230518 0.9025334076968821 0.8567856721001484 0.8863093459367317 0.9956080504100603 0.8605893050130115 1.0188652486488452 0.846407584292055 0.905553142907485 0.987187689292597 0.829201088786208 0.9215336331894883 0.8244732326794141 0.8526450860063578 0.8781290101288308 0.8623713598471705
31 372 0.8955570628184845 0 0 0.9845818939380577 0.6307751683204577 0.9028116154029974 0.8490344086381539 0.8826319497906999 0.9941672422209441 0.8686978528143335 1.0219040369564105 0.8466984190102799 0.90024394770494 0.9913576698546732 0.8343965468802008 0.9222759071297667 0.8244499184996577 0.8591403594333643 0.8767070732015787 0.865461192688861
32 384 0.8945780330723662 0 0 0.9855389647520822 0.6211740411650453 0.897896542996492 0.8418421573007561 0.8791962516711712 1.0043759597674335 0.8760692391148924 1.0539503673657198 0.8368769053608883 0.9014671941360094 0.9964680769066657 0.8230957259263105 0.9251258935354185 0.8231305045629478 0.8647552041414625 0.872832419268483 0.8645967912537574
33 396 0.9067734281218309 0 0 0.9995477609403816 0.6248604281171762 0.9063769015585287 0.8524238488322735 0.8967742689540761 1.02299445356795 0.8764543918734597 1.0993020046166597 0.8464481231937769 0.919594642103115 0.999870816641454 0.8405034586155513 0.9244956995608312 0.8444878252092881 0.8783098310879764 0.8805745857467465 0.8701528670110317
34 408 0.9254822178276834 0 0 1.015511064636928 0.6282410927978063 0.9300157525899597 0.8642943845713457 0.9107010171502778 1.0483715838770875 0.8871558959916002 1.1345306755327524 0.864691191844005 0.9348469812725009 1.0212554645118788 0.8609548165381852 0.9434606607312543 0.8568424929234002 0.8996616074110805 0.9022923641034784 0.8880253601270698
35 420 0.9153714651671613 0 0 1.0018312441096324 0.6072158488115457 0.9216753282914852 0.8591462978446015 0.8978882347490232 1.035713096444495 0.8875492067355943 1.1230360048240182 0.8537946273713938 0.9196681057195891 1.0097930643109754 0.8438209867592976 0.9326285025746868 0.8476613905586461 0.886652612329653 0.8911458392167878 0.8957380883427954
36 432 0.901508729707059 0 0 0.9945715662472355 0.5886151021711027 0.9060645727195411 0.8398898698294933 0.884406474457408 1.009443773377969 0.8689193339025193 1.1116014611636424 0.8377324835187834 0.9058153059223214 0.9890099293084066 0.8304111647630402 0.9180225998927743 0.8328847390361641 0.8713706659238467 0.8720757872121905 0.8959008841197099
37 444 0.8804175875358602 0 0 0.9824017468574529 0.5665674745325125 0.8752627705385133 0.8177075044641999 0.8607007982344137 0.9966529922905809 0.8292380581715846 1.0918624380953894 0.8287658146781179 0.8840629022216121 0.9598253002760226 0.8141871638119891 0.8966345600511173 0.8158624140314159 0.8454962946592025 0.8437421693937748 0.8729825058462501
38 456 0.8626968143934671 0 0 0.9696737418920484 0.5471618785534992 0.859492314243375 0.8118017607845054 0.8434816082867073 0.9700060907702801 0.8064172748637313 1.0849029116741458 0.8123785948208587 0.8624062629653905 0.9380106978218957 0.7867981568045508 0.8692013014684664 0.7862959919589944 0.8336652212279897 0.83112108878645 0.8522084287326248
39 468 0.850686756269865 0 0 0.9591784656800393 0.5302950691782872 0.8570040336830725 0.790155412180452 0.8467634664789174 0.9573362598118461 0.7940095318252407 1.0727402158064847 0.8069731068500103 0.8465162750454255 0.9388098601182813 0.7725104190485585 0.8644251123432468 0.7720137788438971 0.8193489689399639 0.8138584298256262 0.8402232826965642
40 480 0.833201431961438 0 0 0.9274263456524612 0.5079734731951171 0.8391087913261781 0.7785820332907547 0.8352423709180127 0.9326857794011931 0.7785066103344522 1.0370750906726098 0.7813982914852344 0.8318483145783916 0.9213094606726728 0.7547516844320022 0.8407268881622559 0.7458671791077404 0.8124241362802619 0.801657878961899 0.8244515533182319
41 492 0.8410400367609829 0 0 0.9274006612008955 0.5026251443193142 0.8570807500354978 0.7792267207779557 0.8281546817467178 0.9413344926586069 0.7820885213233192 1.0464524291980177 0.7930153561694696 0.8511939954451538 0.9298616845194756 0.7584737015109984 0.8418452162586543 0.7544106232381622 0.8181539730181061 0.8123828364875729 0.8425312353820594
42 504 0.8297342354675044 0 0 0.9128846736768169 0.4799120155993741 0.8422424438405591 0.7740173477314932 0.8087996178740108 0.927467196220066 0.7774253810117407 1.0270492434095342 0.7736136328952171 0.8398346512833109 0.9199729428034086 0.7556701467423371 0.8316840768799153 0.7413854317876555 0.8047293212930283 0.8035518511066704 0.8359773212395448
43 516 0.8071743677949668 0 0 0.8912331592266721 0.4581401409331545 0.8003925604920623 0.7533545537394729 0.7894333042872306 0.8956754349104558 0.7537291599931779 1.002602403604264 0.7509189433052742 0.8150179262228909 0.8911727869775953 0.7296997338702638 0.811583125299602 0.7169091864687074 0.787947084311661 0.7811164469022358 0.8089675998847552
44 528 0.7930482602766907 0 0 0.8729058468591789 0.43745795134937854 0.7786476019533625 0.7381644951611408 0.7748088406245475 0.8904386078055998 0.7433270883011984 0.9872312419185585 0.744155220446237 0.7987422942329775 0.8889810396758687 0.7192107564354527 0.798687386714589 0.6981166318930636 0.7728087742364544 0.7825473347219919 0.7974238851522507
45 540 0.7813162826535931 0 0 0.8527900655224194 0.42621995625043085 0.7665630565265095 0.7335698840377692 0.7619471818788176 0.8701059073898001 0.7568782736610019 0.9710031645299743 0.7365832659422717 0.7878386596846669 0.8714741679361739 0.7117805653656449 0.7853594998692704 0.682428228628768 0.752327997597916 0.7746299559737871 0.7840257659198052
46 552 0.7774496400260026 0 0 0.857704372069711 0.42001148673352395 0.7653704219396531 0.7289868644116801 0.7558482524615587 0.8660696317295814 0.748924071452259 0.9739245318982386 0.7362253462296602 0.7854343390506601 0.8748038663217108 0.7185345093377183 0.7814109247535241 0.6703374660896828 0.7583704043629234 0.7664943358640195 0.7778761996766361
47 564 0.7924192852384341 0 0 0.8731784114065531 0.42481873564975003 0.7717597362231405 0.7515772629043518 0.7682171837715405 0.8783160900671749 0.763335398904843 0.9874457006294829 0.7462191922180483 0.7991055531855209 0.895203196070979 0.7436063637785534 0.7879590039738248 0.6817707269509116 0.7738896137660748 0.7840050282519373 0.7871331882990082
48 576 0.7814919261254982 0 0 0.8664910636501948 0.4137422663901172 0.7557475526244494 0.7491962971815627 0.7565981867365335 0.8601853237485767 0.7428779163996748 0.9699466015169602 0.7389857664257936 0.7842460281508715 0.8856092827023639 0.7325049120893111 0.7744320523566702 0.6715277407734016 0.7738226654520132 0.7731881183538624 0.7810775996206148
49 588 0.7938559418464887 0 0 0.8935281952433548 0.40956713008271667 0.7612049211011241 0.7639183709232438 0.7675850240147379 0.8785082834497261 0.7593370939697512 0.9903513572173689 0.7517998805875957 0.786406309196526 0.9068648831400675 0.7288266306467954 0.7767637914532529 0.6874498715301449 0.7869034951536324 0.7949970425408786 0.7918890390696364
50 600 0.7889246329394567 0 0 0.8765895066315263 0.39674835959503824 0.756621318988422 0.7553944814877642 0.7602844156806134 0.8715844357658347 0.7562386171946173 0.9811343233455845 0.7465166133543024 0.7815928282809163 0.9002399886046194 0.7224530443515413 0.7782795801491923 0.6782275102548834 0.7801205432848216 0.7907716808335626 0.783559952882159
51 612 0.7882881283719818 0 0 0.8955886877498678 0.3898848924109791 0.7649979273794332 0.7471064837132695 0.7549743403372811 0.865983736503886 0.7489697532329664 0.9784568921065349 0.743470021413901 0.7761736502724745 0.8940667214671969 0.7235326135219374 0.7800368097189262 0.6743953640906324 0.7747747459509902 0.7867268038945806 0.77712410055402
52 624 0.7759531052707334 0 0 0.8892707449229238 0.3820426330901269 0.7568246353330655 0.736191806284321 0.7389479034870555 0.8420020007747077 0.7350175051015906 0.9660544984808614 0.7229897745802112 0.7686347706599226 0.8819420946084174 0.7003794970366546 0.765718263645818 0.659798691784044 0.7600108353523356 0.7762671679371177 0.7595579348877889
53 636 0.7444569378720994 0 0 0.8507438751008324 0.35621041284503224 0.7218608565901629 0.7070229321622111 0.7131067098760016 0.8032315724477505 0.7130152923100326 0.9221744593539247 0.6831475328370996 0.7362720898226884 0.8378490664616473 0.6792209433307631 0.7281696812158568 0.6310663877765568 0.7247423836713112 0.7511107449395672 0.7334604116730361
54 648 0.7391250101017204 0 0 0.8629937202027912 0.34407837236824523 0.7194580746583045 0.7021335632482877 0.7094301741927609 0.7970659433514216 0.7078937891859878 0.9273647712053648 0.6728951930653528 0.7380770272012596 0.8353186724006728 0.6727584473964964 0.7235043333571644 0.6272749179406456 0.7174385190390339 0.7405488453148547 0.726963721199562
55 660 0.7457711549061109 0 0 0.8765658080076941 0.34246645864859177 0.7258706584221143 0.7061318308483324 0.715604706040875 0.8008804011646679 0.7170488977242586 0.9336761074864257 0.6773233952306262 0.7441707336483301 0.8411193012424443 0.6739402239901631 0.721757324910133 0.6351994308397976 0.7299562283115546 0.7469915001519283 0.7331862796386059
56 672 0.7774985407882868 0 0 0.902588617924831 0.35049847020409164 0.7509924002891712 0.7381134232132683 0.7584367886465351 0.8286012314542115 0.7367669095458956 0.9832134181308123 0.7048974937003311 0.7926682108725924 0.8729599335547514 0.7026543872941434 0.75703975676978 0.6713160328806619 0.7614375418080394 0.7724342018683263 0.7727844399932767
57 684 0.771816842645433 0 0 0.8957867416271003 0.3419307906850495 0.7474724502002875 0.7287102154953601 0.7572800796393948 0.8192421010958446 0.7285393252345267 0.9699659810396494 0.6920905879631688 0.7976904630868108 0.8623322540109166 0.7027594902200369 0.7502579160564344 0.6741150174754703 0.7544320864392245 0.7664715305236243 0.7710460758550072
58 696 0.7822153148919313 0 0 0.9086702545812846 0.3417779044699219 0.7551004108684592 0.7243033647629166 0.7800255473593953 0.8256579546120489 0.7355092154045341 0.9710524222652364 0.7060255626583487 0.809933797387941 0.8761357784820546 0.7079607060662924 0.7629768545921631 0.6905656573037475 0.7630363814412386 0.7786205115961875 0.7838983152105352
59 708 0.772189754038727 0 0 0.8901065977760355 0.33434590616161514 0.7361964619925512 0.7178454756858147 0.7723009811386876 0.8060054046626222 0.7325869146289026 0.946925380406934 0.6966331731557661 0.7955057003824653 0.8550387955505059 0.6902738904074366 0.7541593596581302 0.693923626009233 0.7576581150027698 0.7641709421676809 0.7730086140555668
60 720 0.7734882630024866 0 0 0.888089272116136 0.32938641457701073 0.7355207850741872 0.7189260498596749 0.7907295829909362 0.803377474678874 0.7347716663759741 0.9416124421943545 0.6961464866640983 0.7895946967719528 0.8516759681574403 0.6888341119504569 0.7583207164131648 0.6962248738555268 0.7619113772795473 0.7673569411691167 0.766542888322902
61 732 0.7389785658658237 0 0 0.8463018459106876 0.3071215089761674 0.7088029079184001 0.6899830042809082 0.755259340010521 0.7547491987669676 0.7060341040575433 0.8980284853372733 0.6658056102910477 0.7567757948159902 0.8142112847644013 0.6582590375055185 0.7180360160586933 0.668193894060354 0.7251295451399593 0.7336474657197406 0.7361263556230312
62 744 0.7397222823040739 0 0 0.8470365217130069 0.30064877188635347 0.7140591002268629 0.6891275412737825 0.7604525684834912 0.7609171485417373 0.7075992345050754 0.9001300818006676 0.6713905341654407 0.7546677324427375 0.8108980299032241 0.6604433135957066 0.7116447276820835 0.6664623285020377 0.7259246780425918 0.7346640786340968 0.763801480526893
63 756 0.7088917927749707 0 0 0.804895050447116 0.2866817108672432 0.6820782519911972 0.6593563736994659 0.7312710795709986 0.7188277117093456 0.6751136879399716 0.8593563239313644 0.6443716450887569 0.7158012658182147 0.7798302271537886 0.6259907973516217 0.6806198268174667 0.6379530136646099 0.6979641380207237 0.7018179303193128 0.7375412053566776
64 768 0.7012847578369692 0 0 0.7899796907106694 0.28014555815711606 0.6654896698647964 0.6519045597935126 0.7233905715631284 0.7122082363477742 0.6656720238701145 0.8521381437801 0.6367123879465465 0.7060371467572036 0.769850591902187 0.6156849212311193 0.6694735244034823 0.6308326104837446 0.6870533719428555 0.6960027856813629 0.7372700495513743
65 780 0.682356965861592 0 0 0.7631962058306851 0.2707586289991593 0.6459321141790597 0.6365450753579633 0.7094688250164667 0.6908243368660477 0.6448204143923008 0.824909022628398 0.6160287262234262 0.6869625753183051 0.7475528945573067 0.6016902972546501 0.6260028366949841 0.6170601369433689 0.674446792492283 0.6840872736941952 0.7167454362827084
66 792 0.6262680204401451 0 0 0.6923270513391314 0.24456010563887515 0.5931203833696524 0.588341080722753 0.6524137523508454 0.6295602592747548 0.5926640604486407 0.7568422979812512 0.5644067543718131 0.6307598515615238 0.6805396875155076 0.5514377126959642 0.565535177256405 0.5646367797982752 0.6203044997858597 0.6255979917436144 0.6531339620589681
67 804 0.6078939519735584 0 0 0.6705328490691242 0.23703362532586433 0.5849896754982341 0.5654633505516188 0.6286112595524656 0.6026710166496073 0.5736306367361889 0.7316600747466292 0.5389636587760583 0.6096792046548377 0.6580494482520935 0.5313125623634107 0.5470484410416021 0.5407478250615 0.6020891533505076 0.6047944519478915 0.6347258478541274
68 816 0.6040799939516337 0 0 0.6607991339762904 0.23449665337592515 0.5870384751811278 0.5613842784281508 0.6148324034177521 0.5963761278147267 0.5673796562471328 0.7291118171934595 0.5346069643201546 0.6129238971473786 0.655907305122567 0.5232305183327173 0.5428157060995488 0.5387303265120768 0.6009034411582833 0.6042520034800737 0.6285014766074795
69 828 0.6375442708935736 0 0 0.6987233760579421 0.24595732949173768 0.6473711518886403 0.6020193116723449 0.6403964808543311 0.6169235943251619 0.5962454751703721 0.7731676126164274 0.557238668957353 0.654072436366543 0.6859966281480141 0.5525212636122363 0.5743332757563108 0.5686732474875684 0.6329497030765374 0.6414956315063873 0.6702023012741626
70 840 0.6738521031639976 0 0 0.742259827357013 0.2566037087683286 0.702728760978371 0.6363867258543843 0.6794906418227361 0.6500942459735909 0.6297360450147947 0.8220519893313833 0.5849032753094633 0.6882670620127673 0.7256388534859775 0.5900469856494116 0.6052816089906556 0.596627669576976 0.6610979648341031 0.6824909578095938 0.7131894758527392
71 852 0.6729471618202695 0 0 0.7425314132961388 0.2529855327737145 0.7181496241052129 0.6420033831090347 0.6742862846996299 0.6457191553997368 0.6209329541553105 0.8230734491343894 0.5822226791152595 0.6893817611889778 0.7232593793719895 0.5847219115418367 0.6017196101655545 0.5951086983464571 0.661089792054367 0.6845051252653658 0.6968051898676167
72 864 0.6330792892827252 0 0 0.6814292871477946 0.23675497112828503 0.6807992409094207 0.6093520325053289 0.632527604013041 0.6102523361731661 0.587882576623128 0.77720115014775 0.5394126287762091 0.649842160766304 0.68410244633386 0.5528690275530848 0.5665534925141918 0.5563676014403313 0.6240310334006142 0.6440417555614215 0.6505867608311277
73 876 0.6002618876044168 0 0 0.6455168519769531 0.22116671386199072 0.6569308960337545 0.5693386892902087 0.5982750256802886 0.5636151581154694 0.5557742315728348 0.7328819714134082 0.511381014727857 0.6133689091227871 0.6490637867474672 0.5243227320215524 0.5410913294498879 0.5261364619225584 0.590708414554112 0.6102845704148793 0.615744975695026
74 888 0.583737272037211 0 0 0.630437075035574 0.21250809434188436 0.6394427545715521 0.5553178368957304 0.5821219711360067 0.5451989933990224 0.5394059954150621 0.7148050317822826 0.49268988637034106 0.5984016739888477 0.6249154524023572 0.5197741249926533 0.529109384388463 0.5115474577963716 0.5704595711548331 0.592445540933417 0.5904782973587404
75 900 0.5682235209565615 0 0 0.6250359142232652 0.20414906940510735 0.6243588018397298 0.534647040058722 0.5650005600668012 0.5319008117648081 0.5289413810073624 0.6931008412656865 0.4823396259329698 0.5766062759907248 0.6124424790733277 0.504401155133757 0.5138995242393756 0.4939768386512197 0.5522943422538402 0.5721586740720055 0.5841530241974703
76 912 0.5492093429330339 0 0 0.6013655103929195 0.1951834506924036 0.6046466199868248 0.5158654786147303 0.5437430893853159 0.5153659149736146 0.5117419390040167 0.6720881095861788 0.4691214169795593 0.5507741349779404 0.5973503740791586 0.48784428082235415 0.49646649671083465 0.4730824757836754 0.5335921867845854 0.5567034198635553 0.5618116894988456
77 924 0.5493496772540654 0 0 0.6021284979747175 0.19323961027245332 0.6068651103245422 0.5187728309657669 0.545101131531663 0.5223852432139735 0.5099667119102462 0.6656303641796483 0.47032108388929134 0.552880992373313 0.6003920771472059 0.48321003235973914 0.49944166382161076 0.47545110509158167 0.5302052388594507 0.5573094752783986 0.5617524826948946
78 936 0.5413141070512644 0 0 0.5905261429586769 0.18846500169951452 0.5938736017780983 0.5082985304986144 0.5405407859108098 0.5220549129444712 0.5007316258445366 0.6590614090504079 0.46376084827953773 0.5401587456168234 0.5830661387458819 0.47238401343401804 0.4991719681613023 0.47508110191342084 0.5223733747270181 0.550135332292331 0.5493035322380608
79 948 0.5326123103393788 0 0 0.5804701461082634 0.18290656982509046 0.5934719626884061 0.4951766413865566 0.5259126313511613 0.5124119351077824 0.4951156822109832 0.6651430245592861 0.4552258695608366 0.5355071296523156 0.5732123339516735 0.46622549707887795 0.4943549734415626 0.4666137584636968 0.5099859771635425 0.5391994231608305 0.544325390905069
80 960 0.5387235215451203 0 0 0.5902423247896815 0.1827393784908017 0.6040160570280446 0.49966493586102095 0.5331332610340637 0.5157747820116305 0.5034334413732074 0.6702155511985302 0.45994907060121726 0.533225869091146 0.5790987921977138 0.4713816136690246 0.5028060125184752 0.4686880467060349 0.5120157480851792 0.5447346439570068 0.5600397355385189
81 972 0.5432593240876493 0 0 0.5919956040821254 0.18041041519504922 0.620133944606971 0.5060691249561251 0.5375808390835851 0.5203034345634338 0.5132693046903716 0.6730548235909256 0.4597064958922301 0.5383413007009026 0.5736957996505158 0.4801697886786472 0.5147796606975656 0.46843883403187 0.5109129113395692 0.5515215162491527 0.5601957057800868
82 984 0.5450184832591103 0 0 0.5997198922940812 0.1802518531734547 0.628343764934276 0.5068101506148723 0.532686389543489 0.5204639289745567 0.5087221221875289 0.6738004679291939 0.45624954515630317 0.5358163598184142 0.5742977696774365 0.48433491366925324 0.5160741802305481 0.46925740846014524 0.5075412621277101 0.5541555222289625 0.5609504970547577
83 996 0.5373882721919003 0 0 0.5821671428852324 0.17610938214283206 0.6243513975311843 0.5010001517920106 0.526431625984332 0.5092281709844592 0.5089791765253758 0.6654941353651376 0.4488120290025291 0.5212200767995817 0.5596673730994434 0.4785646904442041 0.5104239942579168 0.4685841104279471 0.499419524704225 0.5608800043055455 0.554271301701005
84 1008 0.5367651759497775 0 0 0.5828755096629915 0.17573447036168927 0.6271480514866877 0.49428862090437575 0.5470172934613494 0.519274922263438 0.5072128331384574 0.6658114372312515 0.44854017672193897 0.5158428072322417 0.552713327727071 0.47888377492089323 0.5125981586823247 0.4551289757053582 0.49919455243765903 0.5635786191423245 0.5498434992968777
85 1020 0.536989069335787 0 0 0.5835213975497932 0.1757219969093434 0.6248071031066514 0.48725000971694044 0.5520970575333761 0.5196618108365298 0.511675647046788 0.6674706821861189 0.4485870705974844 0.5146363864173312 0.5485316773661874 0.4791273457305915 0.5178020355864702 0.4604159529777898 0.5027888923572758 0.5612318642523618 0.5491597866429484
86 1032 0.5072960962632017 0 0 0.5490661872908934 0.16289193341854355 0.5962413870438158 0.4633728666196546 0.5239661720200212 0.48714034326911515 0.48597775126987813 0.6310150957623828 0.42308838386499736 0.48625789970413347 0.5150066196552189 0.4547811720030983 0.4822012056569688 0.4368757821266334 0.4785480390574072 0.5269778305180356 0.5204959570970489
87 1044 0.48533878744459963 0 0 0.524590596609128 0.15442702891019014 0.5680158267724861 0.44200263835495796 0.4970257020288528 0.46018968307313696 0.4667728012288503 0.6033950040644621 0.4047918936185731 0.4622768922629306 0.49081146832165284 0.43410413775963724 0.4554632966190218 0.4172471681790472 0.45411561703789755 0.5061657996596416 0.5007816523521186
88 1056 0.459420322534576 0 0 0.49714290877878653 0.14548146855358343 0.5365766206752077 0.41541072032980514 0.4693289375290923 0.4367564916339962 0.44232923742399083 0.5613440806302437 0.3821781309621759 0.4385861486402085 0.45746239834166347 0.4085215335458059 0.4253606601541653 0.3996077839213813 0.42892844786337825 0.47688856221764103 0.47138967148099603
89 1068 0.4454041854671371 0 0 0.4771583978617954 0.13953834248025365 0.5154485694728317 0.4030737497177834 0.45460798813349285 0.4206876770945046 0.4283339052656064 0.5428057897660427 0.3681572123113074 0.42850054753724764 0.43986511174167436 0.3971820492756867 0.41405851058081106 0.39103370075485827 0.41944482669461747 0.4569836594361028 0.46759836908148084
90 1080 0.42336976643345586 0 0 0.4492652958479167 0.13183495185778982 0.4848706896500874 0.38474212117624385 0.42785510016625977 0.39540047785938814 0.4049845085594346 0.5088086727571143 0.3507442340434218 0.4065054862994547 0.4186226360500693 0.3781403605937446 0.39422697952690444 0.3738400708543661 0.3961302398896702 0.43556742006484916 0.4454976359351
91 1092 0.4345335878290512 0 0 0.4603336158321856 0.13369485188850586 0.4984573831023126 0.39653269295337146 0.4349134523703837 0.4043054164609373 0.4162411582039243 0.5212923217647275 0.3511717121824405 0.4182007074750842 0.43361190755309714 0.3790319850140261 0.40952163836795813 0.3938445353489298 0.40546625496864286 0.44437341982432343 0.4652092883124023
92 1104 0.44410192414547317 0 0 0.4704950018268091 0.1348859679953181 0.5096242715845126 0.40712143644459087 0.44528290647447105 0.40977083999869973 0.4262441578221452 0.5303338645714214 0.36047693414934395 0.4275287204499932 0.44896725468681337 0.38581976719483957 0.41627680908323517 0.4128988160564482 0.41043620921486756 0.45446258276123697 0.4851559146006702
93 1116 0.4526660674355191 0 0 0.4749546569928552 0.13714845214407115 0.5181638044954404 0.4106528591813387 0.45283649844002793 0.4176703760793122 0.43960834181122904 0.5439258636192674 0.36570434620714093 0.4397698547311175 0.45323925066534826 0.3905441679065518 0.4270837961186912 0.43398570424618654 0.4145632604909886 0.457821393868688 0.5053925045997156
94 1128 0.455884963073931 0 0 0.468806252710241 0.1359412879918442 0.5259536560147478 0.41442277671203687 0.45545972957194214 0.4261837992464885 0.4401802453164731 0.5471213839348607 0.35894177548760586 0.4445532480723565 0.456794257042271 0.400118716701307 0.4275094765012277 0.4462235191066931 0.41821471600541393 0.46127522288065353 0.5087920442171407
95 1140 0.47386777230676236 0 0 0.4851057776446645 0.13905555936726657 0.5451788126647851 0.43417312151972215 0.4818004034090882 0.4448185348797458 0.45108712511919025 0.5746785933535123 0.37182235498513505 0.46206551365608256 0.4716433994499987 0.42237451851627794 0.4480562278073159 0.466709744358365 0.43641660403377097 0.4825911423113664 0.5250077534988912
96 1152 0.5073316136031095 0 0 0.5212548947678931 0.1481316303191162 0.5815061133369009 0.46393241066284086 0.5197783510758459 0.47770356622652743 0.4804570173395378 0.6208015519387995 0.3984114904982829 0.49812175771510203 0.5040150666004327 0.459167654508485 0.4763022743257078 0.49303306415680725 0.4667126318814083 0.5202772693688943 0.5668586851356198
97 1164 0.5412667203070054 0 0 0.5484978150370685 0.15705215785138546 0.6253010665672324 0.503685945926684 0.5684682852028602 0.5094005627041174 0.5132423605343492 0.6834295889079978 0.42794630652512505 0.5269135533782999 0.5362233443667165 0.49838333291582204 0.5121729961418189 0.5245030952949733 0.4935220577777977 0.5560348128954627 0.610272156896081
98 1176 0.5312397390259841 0 0 0.5324962835338277 0.1518831332405991 0.6177821633465982 0.48839033866085935 0.5481645326051889 0.4984687406348666 0.5013266169552311 0.6736416518623325 0.42233974853866824 0.5156375497496184 0.5257212911744665 0.4926262920660279 0.5035393438069385 0.510469476782794 0.485508686893748 0.5483603304672793 0.5982115512384644
99 1188 0.529782473406456 0 0 0.5316922849061216 0.1507456431498817 0.6149661387886022 0.48960792748210846 0.5447562536156882 0.49651739060423006 0.5034283106747317 0.6785268565799326 0.424897492088549 0.524675652738362 0.5274767636035093 0.4975503307618864 0.49959309770213667 0.5040256125643177 0.48357917491304037 0.5444439799941702 0.5912862064268142
100 1200 0.5284666475511125 0 0 0.535515180600212 0.14597551077857765 0.6175040860044578 0.4920071190035102 0.5432765502936163 0.5013778514706391 0.5024849082071453 0.6641670467537304 0.4255592688042326 0.5265981386533272 0.532345935900769 0.49653276307298 0.4993244599860044 0.5033369079207874 0.48036574431785956 0.5357039116161335 0.5917356919236304
101 1212 0.5172817705985121 0 0 0.52398087332672 0.14038575593499836 0.599276815677157 0.4819731805700865 0.5383606948107698 0.49207338936756473 0.4903970445748678 0.6484462453690428 0.4168586552813086 0.5261178954072141 0.5232415381311384 0.48501229043755595 0.4866954094570892 0.4810722845683978 0.4729959253959374 0.5251283982411388 0.5862316245669457
102 1224 0.5150590455154024 0 0 0.5276425574340828 0.13903876388823236 0.6061371319319293 0.48191095851430554 0.5381514735973008 0.4982150644986692 0.48639211922976 0.6423754414369464 0.4108393784476702 0.5295996266294624 0.518407706295717 0.48279078871312303 0.4843971238209529 0.47981071506908535 0.4661054656709782 0.5122371286052241 0.581642803262111
103 1236 0.5444307575868912 0 0 0.5608049356069569 0.14272628721656272 0.6552407237301933 0.5147838945239891 0.5673195027752871 0.5406418603319226 0.5182669390005221 0.6780843246259104 0.43558197607147053 0.5646794097802513 0.5461654785630692 0.5081633669026218 0.5239495991568837 0.5089262937062099 0.4880436843736551 0.5445442028702169 0.6136118729381108
104 1248 0.5572780284673016 0 0 0.5809643696958726 0.1438983104819211 0.66763143851215 0.5242998840496697 0.5851864078827961 0.5566262628200669 0.5318370866438635 0.6914185476747888 0.44813557083102074 0.5791886014218481 0.5697529577668715 0.5078244869673015 0.5323165394302657 0.5195750761866966 0.4978545578866839 0.556451870837545 0.6293213121076042
105 1260 0.5316558600602035 0 0 0.5550172184518758 0.13459154348805663 0.6350470842520183 0.49938448272702546 0.5593879234208449 0.5298823177300319 0.5011747225696072 0.6611787885572074 0.42091424809452843 0.5563162583456019 0.5455315624269066 0.4798630885057075 0.5167475022378168 0.49427821986901394 0.48228581585480956 0.5273005330514546 0.5974226681076129
106 1272 0.528046451347654 0 0 0.5448992859363707 0.13031784094251259 0.6305119111000452 0.49400880999384467 0.5617776671291377 0.5194684769294333 0.496087146366976 0.6581595619937439 0.41568838137714753 0.5591893340029783 0.53983892795393 0.476277571881077 0.5129190112583196 0.486067186229793 0.4794170598727936 0.5248911270216938 0.5998635422241834
107 1284 0.5249661723818912 0 0 0.5408892028883832 0.12730727127684052 0.6299926856542755 0.4906787656022644 0.5561481439540766 0.5147364736152447 0.48934249677157166 0.6502115944198191 0.4134887509312136 0.5693320840632682 0.5373684942242452 0.4719679606231838 0.5111028374808887 0.4818489777231783 0.4721758141347393 0.5177708774746178 0.5896092723048552
108 1296 0.5233697737931082 0 0 0.5393466544100017 0.12444402877712975 0.6296014704525432 0.4898379817784775 0.5544528729056368 0.5167869649464469 0.4873307883502456 0.6441197068692395 0.41435554656213985 0.5791223638506635 0.5343488620892646 0.46793124300250477 0.5099759324370113 0.4693544026112979 0.4679139111910704 0.5152691041588532 0.5906090098074064
109 1308 0.49017948709178666 0 0 0.5091286995216386 0.11503817556105819 0.5875657303861521 0.4583581581003445 0.5237588892260334 0.4837416846741817 0.4555226941060879 0.6010237132835996 0.38883333436751016 0.544203274346161 0.49934336767995186 0.43642214558438136 0.47572330669068313 0.43583396801598917 0.431417788544838 0.48167762613955056 0.5517916529560581
110 1320 0.46920650705155864 0 0 0.4834505724825057 0.10792520537426911 0.5576716663145963 0.43788348449489384 0.5005228899168697 0.46029929851820633 0.43743405297551563 0.5681172713045668 0.37655740471149823 0.5183106748033011 0.4798018005739091 0.4197068339374685 0.4561807512293902 0.4146779017353569 0.41118188012464013 0.45934319595690226 0.5249001057912965
111 1332 0.46721854584471995 0 0 0.48263857049318215 0.10661808192237329 0.548945327646835 0.4345740292438383 0.4891617515917886 0.4589690534802549 0.4313692044246337 0.5657500880209977 0.3742442516878557 0.5173762243405646 0.4800050627453995 0.4139169918203995 0.45250034683764545 0.4125829206394105 0.41915065279592695 0.4553425410711939 0.5284923182653057
112 1344 0.48397311425450534 0 0 0.5003867495422681 0.1096254670829676 0.5797050437300234 0.44969538960934485 0.5071493750267272 0.47419387754823966 0.443687367842229 0.5836515067746206 0.3940410969131247 0.5300440089078279 0.5169718802755037 0.42778877408089644 0.4688915045880204 0.4273481991725022 0.4370074454207987 0.4678805735830041 0.5578488504251283
113 1356 0.5072493032187072 0 0 0.5251667507406321 0.11389321335852755 0.6153730283564565 0.46680415564791294 0.5283939545920155 0.49667450056158546 0.4657017081910291 0.6096268900944476 0.42488576167212466 0.5561975717368111 0.545572817095711 0.44818904180535313 0.4954325356637182 0.4430447708539458 0.44959275666535115 0.48895673476606216 0.5858621915704489
114 1368 0.5201645814812297 0 0 0.5380268600958626 0.11614512035386032 0.6344242545044896 0.479815807535852 0.5405551857540295 0.5046053009342231 0.4731686880240045 0.630495012283341 0.43683374242732276 0.5881319642188553 0.564786049302407 0.46006987584191567 0.5085504610699018 0.44501591043528826 0.4627145599053505 0.5044778268841328 0.6062913907092071
115 1380 0.5019651447891103 0 0 0.5183362068518763 0.11052090030770663 0.606210973623683 0.46089786444718894 0.525252587908133 0.47765691253749004 0.45224027158069824 0.6118443662380273 0.4229650624731847 0.5660315147264225 0.5372357326485185 0.4445450452613096 0.4906738240391712 0.4290247783674753 0.4465204354751824 0.49413203333523426 0.5891333955181843
116 1392 0.4830147614899815 0 0 0.49787924608158346 0.10463241485563404 0.5780761995044186 0.4439432833113173 0.508012399435764 0.46098733215437665 0.4272652767381759 0.5874608315552088 0.4020220806073805 0.5456227268254951 0.5161942135986154 0.4310428682440012 0.46825256649875946 0.41338801428830835 0.44054103019281743 0.48043740519774497 0.5698175508858598
117 1404 0.4649572561450353 0 0 0.4796366231401193 0.09957100091761012 0.5555754148616868 0.4263245164020612 0.4913156441136334 0.4457933916991819 0.41103873849203904 0.5696930371528336 0.3840791949646691 0.5241272124380628 0.4926709512178317 0.4160851673525505 0.45724767376670866 0.3893463537640098 0.4272429120850916 0.46470707257806887 0.547334747576673
118 1416 0.4564118180563102 0 0 0.467931138647169 0.096912155076659 0.5414549800216957 0.4225663725987588 0.48335082241504745 0.4356670381905052 0.3984975081201724 0.5613094258213221 0.3748301233428084 0.5129739735722374 0.4824711302859415 0.40946355773848386 0.4451219573834138 0.37894277603323673 0.42177098911259076 0.45627099948481736 0.5394024482978149
119 1428 0.45355667055472754 0 0 0.4680810659421481 0.09429368745734204 0.5352929571661608 0.41811468602601193 0.49113647839680985 0.43120144253996395 0.3960600377978531 0.5587095479206577 0.37102269959327183 0.507677490753698 0.48399345320154724 0.40574968298079644 0.44402071983544017 0.3744030414609295 0.4216375921608015 0.460902125443955 0.5327110348518656
120 1440 0.4496231040932076 0 0 0.4653999090103387 0.09060526346769221 0.5348404772153552 0.41471631634246764 0.4870554036022079 0.4274499811377331 0.3906452367637757 0.5432852565660848 0.36647639355191 0.5076482108112014 0.4796273185158216 0.39991452617005185 0.4377500721215228 0.3708012145994615 0.4195289177258761 0.4531896205996679 0.5309216735489816
121 1452 0.4238844747551428 0 0 0.4399018178868824 0.0841896067399594 0.5032308688647014 0.3878507782733546 0.45778642873834613 0.40116959788295375 0.36665245629712134 0.5042959305809618 0.34450995191858796 0.48182415615680746 0.4498309693930243 0.3741124316682758 0.4113042970009529 0.3520490099290738 0.39809966747601094 0.42706625851624885 0.5038611393570089
122 1464 0.42792008304288526 0 0 0.44620530117060764 0.08392288181812901 0.510393967326949 0.4002884598519229 0.46000258682216005 0.4078416466199401 0.3736910542112887 0.5135937946463909 0.34319871873642743 0.4884500027177081 0.4571515264565123 0.37216117222936085 0.41985220347423036 0.36184088923704905 0.40351993336500874 0.43049478106081657 0.5001007623371941
123 1476 0.4406480239473131 0 0 0.4556897049751769 0.0846010991240646 0.5294436342506572 0.4229881272377471 0.46727929847430744 0.4223542809950411 0.38509977816506097 0.5293180340383825 0.35910606717458315 0.5086885657461069 0.47360672590210523 0.38440127099355487 0.4317560599676496 0.37996318677301294 0.41655363544019003 0.44221474554009926 0.5168420736074442
124 1488 0.45752733940105555 0 0 0.47687244580107707 0.08645860177335765 0.5482955138621167 0.45010520018773637 0.4870512003606465 0.4310386737042586 0.4014773857027852 0.5484656881537838 0.37571858982693634 0.5256734037118572 0.4947000860422894 0.40239253490356314 0.4485585225313511 0.4004113690176995 0.43547554286361495 0.4595662621013959 0.5358889413192722
125 1500 0.45351377255674746 0 0 0.4705494187483351 0.08401608556917733 0.5413689922253393 0.453368052090488 0.4821098171520535 0.4297005515866223 0.3983357482909126 0.5448127759093249 0.37420931551659914 0.5188563228103744 0.4915313398756565 0.3977449971058125 0.44649743131236935 0.3985637850600406 0.43067503957369285 0.4522140646221874 0.531546632636899
126 1512 0.45157896238972284 0 0 0.470018770854967 0.0814428011456302 0.5379548066161817 0.45260010629668 0.4801763797474066 0.42770945317247966 0.39441889636679306 0.5426619585037221 0.37409972335333286 0.5094939516055276 0.4889146808725127 0.3955209693167404 0.4557871354844579 0.3989986722822373 0.4403224099339365 0.4490774786696792 0.5183042864536038
127 1524 0.46762143437934445 0 0 0.4859503395959089 0.0826130559514292 0.5551700857246368 0.46872420561856226 0.5075498933811794 0.44358865377095996 0.4080826407797332 0.5539287011890799 0.38826889361502476 0.5255944548969392 0.4994172637225833 0.413415692828805 0.47892670383447644 0.4187596871659388 0.4567437465649319 0.46419131653786294 0.5340471408696664
128 1536 0.4937015112623481 0 0 0.5197099552984813 0.08598990535670366 0.5857266901252509 0.4926312932970565 0.5424300568974987 0.4662395748790856 0.42788335206973716 0.5820265634078118 0.409346599269032 0.5652267233707605 0.5274775369152753 0.4396694264110262 0.5099275056138971 0.44303423275688475 0.49306315288443353 0.49086783143003027 0.5580053475916289
129 1548 0.5267511291657986 0 0 0.5717678975675111 0.09086340830506394 0.6207376202853017 0.5249286393972212 0.5841456506592423 0.49342991710524664 0.4592613756791144 0.6156209693841975 0.43461996506188827 0.6044199332442061 0.5626324983105226 0.4717288774377818 0.5440725816754827 0.47538848616909035 0.5295462938609599 0.5306606734577839 0.5952718038552579
130 1560 0.5568033500696037 0 0 0.6144879401985288 0.09527159211390705 0.645577506337393 0.5532232999459493 0.6200366716759838 0.5206404493956591 0.48247831346614406 0.6486161451523663 0.4614842527970522 0.6341029789222249 0.5938842292497517 0.5187311057179615 0.594029101844256 0.5038366030887133 0.5628016467192258 0.5558370739585522 0.6321845272772302
131 1572 0.5919328822333534 0 0 0.6644890078492129 0.09940391607529338 0.7159533128857574 0.5853009381575335 0.6573820616701578 0.5595798037216876 0.5107299611851426 0.6920563292446439 0.4879926584538118 0.6793730495480309 0.627898453316572 0.561471189742218 0.6399868675526432 0.5454098652898931 0.5917959103851039 0.5889215883405301 0.6665524238237815
132 1584 0.6079404259584452 0 0 0.6853726371629159 0.10077427704813739 0.7440883840748598 0.5917656767063751 0.6802108918001513 0.5677304972284829 0.524134049497441 0.7108554915966342 0.5029207054255723 0.69742117649052 0.6470748582193351 0.583692304567815 0.6600010365205952 0.5610329239883067 0.6010826220504855 0.6042204758514798 0.6802991110095371
133 1596 0.6227190760013142 0 0 0.7208380588718579 0.10284826044272109 0.7633441332302741 0.6036569492871346 0.707847361705199 0.5806772427534749 0.5321501051628359 0.7320169620932553 0.5122188998302599 0.7211212399585899 0.6675002463884453 0.5969852783222411 0.6739595310776397 0.5773727263050689 0.6073721350125972 0.6216497040681244 0.6941004810138683
134 1608 0.6240602141998365 0 0 0.7303570446742541 0.10256325599583076 0.765907719636798 0.6054579054373367 0.7226247797415196 0.585502317253211 0.5275891938619037 0.7319364566169387 0.5088046107869483 0.7278055802828519 0.669026791642001 0.6005189952954234 0.6781262935892478 0.5787617882478284 0.6073775786913586 0.6244235203352557 0.6926115265756023
135 1620 0.5961226776502622 0 0 0.6949296184048884 0.0971897433850824 0.7275915939483258 0.5812374018959178 0.6840115578848961 0.5582893521681602 0.5046949837981134 0.6919716147091062 0.4870680576623617 0.696066713683064 0.6396884879431322 0.5586514386017883 0.6438097744168721 0.5526004750212713 0.5738513911578607 0.592283586338222 0.6574423262320083
136 1632 0.5616783090992442 0 0 0.6524499446954056 0.09012804083450479 0.6779383372384289 0.548179864415961 0.6470537082640636 0.5171715197871466 0.47597193044864444 0.648515871261547 0.4622988374729821 0.6516492147162509 0.5979661049156193 0.5250839918707753 0.6084640877139678 0.5192784933861778 0.5427121522561814 0.5594342806889893 0.6227862409427339
137 1644 0.5222890351183509 0 0 0.6069666721131879 0.08238376980888966 0.6287649446065507 0.5120626947499372 0.6017662570704017 0.4793996684215924 0.4440919601654845 0.6076944471345888 0.4266612223426125 0.6142898641686201 0.5600652728050031 0.4922631669257059 0.56198995948463 0.4818589235339572 0.504426008741061 0.5176055641427416 0.573882619034423
138 1656 0.5049796013520087 0 0 0.5873615905462247 0.07771415843636645 0.6137807055639043 0.49754480415182417 0.5817291389415735 0.46604758998724893 0.4267567648833387 0.5888651286069576 0.41596352493313743 0.5948762727628201 0.5386201415386372 0.4771574310052373 0.5370539731624778 0.4691375984430827 0.4864980028795957 0.5005084805186898 0.5538873494828954
139 1668 0.4775346338665094 0 0 0.5536874596879424 0.07297114921436804 0.5779794161380937 0.47159673574540617 0.5502542417875113 0.4379949311554507 0.3981463374628589 0.5542019586154576 0.3912922541054248 0.5587976184878864 0.5077713509465056 0.4515136184618031 0.5051413983713271 0.44112391086953673 0.46032828115752533 0.46970370700203184 0.5209390967159521
140 1680 0.4690334096335928 0 0 0.5421739982484428 0.07091519192727051 0.5626019619723936 0.4627569209206714 0.5398728350675812 0.4305379682791787 0.3984844165825058 0.5423577761141093 0.3839114411502912 0.5450555248624285 0.49375324022140576 0.44692525838993835 0.4951681343753252 0.42867137573404257 0.4545666007047892 0.46082821376304994 0.5151683228068419
141 1692 0.48174058311967344 0 0 0.5547756990191062 0.07231385827313233 0.5761652216201366 0.4743057060623023 0.5513098981464721 0.44260743676097924 0.41393185257616877 0.555291613828206 0.3940136083934511 0.561457853909049 0.5044132995736237 0.46072074001653557 0.5057966297334605 0.4339724536771604 0.47601293257256105 0.4723369671522032 0.5330064814112093
142 1704 0.495584302471025 0 0 0.5686040431289883 0.07375722222744646 0.5920504473894195 0.4888255833547409 0.5606823779871509 0.45654744204258224 0.42894926259497024 0.5756341964662113 0.4078782116652571 0.5849240654591329 0.5159494905773355 0.4718058848603656 0.5236647632196955 0.44484884879486347 0.4923781016594801 0.48268166042041005 0.5563355015150105
143 1716 0.512572496378972 0 0 0.58405755643534 0.07578067122054852 0.6172140206545587 0.511929271784859 0.5849957604008542 0.47302437075048015 0.44496585166701463 0.5880535707620501 0.4202239236943491 0.6070875739324799 0.5295510552198672 0.48722571407041015 0.5430418920167744 0.45783138129899476 0.5188030706610999 0.49732312342189067 0.5748166666793854
144 1728 0.4966253901390495 0 0 0.5729348107317713 0.07296370712975077 0.5993296701872018 0.49764881555503987 0.5687944898823288 0.4571585070530737 0.41982609045648867 0.5720685609886336 0.404183066783243 0.5889614937239686 0.5126831482775059 0.4713596275326332 0.5296807664135874 0.4435927630440365 0.5054784115721556 0.47415666687660124 0.5532721074330106
145 1740 0.47996193155970884 0 0 0.5564694364163281 0.07013147359036706 0.5802992724621248 0.4822093141440236 0.548322651368348 0.4420654968089519 0.405438422128174 0.5559436053355257 0.38202943777438725 0.5688215709751847 0.4940046399143315 0.4537193505425241 0.5098417543207489 0.4289484634733144 0.4883981860303604 0.45715732444522844 0.5351148155074569
146 1752 0.47537708509908605 0 0 0.5457534055180908 0.0685511685766129 0.5782770535065149 0.4743121425886629 0.5407779739516148 0.4349404316874792 0.39874340750227727 0.5496149676375163 0.3766499096880825 0.5647303673295491 0.4935823427029707 0.45093973132523635 0.5004211491588532 0.4289123902738864 0.48297796734402854 0.45340990713867957 0.5310863925288531
147 1764 0.48456567716834686 0 0 0.5555564590293073 0.06929187283023747 0.595895605752574 0.485269181052257 0.5497333679902275 0.4391681908745583 0.41126696396434387 0.556837318806704 0.38278808929744773 0.5743480789699379 0.5043257830925775 0.4539431378810117 0.5120303312467929 0.4308231064475338 0.49255174987859857 0.45948537780112947 0.543455153376822
148 1776 0.48466242502187734 0 0 0.5533173712712324 0.06846781578692065 0.6074915287579575 0.4827054334548377 0.5492617770480754 0.43962011948941077 0.41109978008271303 0.5560484809146355 0.3837906203522911 0.5732879990337293 0.499334867937958 0.4527905323002122 0.5128351020638976 0.4284471328613398 0.4899214658687022 0.4649785979031263 0.5452596835558765
149 1788 0.5052366838196677 0 0 0.573483503127035 0.06953811850832317 0.6529463370095142 0.5022203993723189 0.5782984601842719 0.4599431477323139 0.432272089936964 0.5796156211780582 0.39610510549577843 0.5976827379433822 0.5209247847936319 0.47161844107285605 0.5299848605330828 0.4465144380322289 0.5088495343859868 0.4944363347390412 0.5627873959205768
150 1800 0.5043736458908661 0 0 0.5698912395074163 0.0689491943061408 0.6611608470448731 0.5003158908236847 0.5745566197350375 0.45779058001156214 0.4312229548679355 0.580190306010557 0.3937107596698729 0.5981768172674874 0.5125685852006435 0.47493111805126165 0.5248669005963861 0.4450887342690115 0.5067001250684784 0.4984551439953372 0.5500535913213173
150 1800 0.5043736458908661 0 0 0.5698912395074163 0.0689491943061408 0.6611608470448731 0.5003158908236847 0.5745566197350375 0.45779058001156214 0.4312229548679355 0.580190306010557 0.3937107596698729 0.5981768172674874 0.5125685852006435 0.47493111805126165 0.5248669005963861 0.4450887342690115 0.5067001250684784 0.4984551439953372 0.5500535913213173
