% # columns="iteration, evaluation, void, void, void, xmean", seed=500316, Tue Jan 13 19:49:53 2026, <python>{}</python> # scaling_of_variables: 1, typical_x: 0
1 12 0 0 0 1.8863424187034394 -0.12454759693253908 0.8962699906542738 0.8063927599473081 1.1352248639942637 0.4517270722606723 1.0446547316686046 0.7117726605055567 0.6381640490057855 1.4354343206195483 0.8375358893331363 0.9130995591839522 0.4884407695517676 1.156281851222474 0.865077767745213 1.15297175118995 0.8645427647084262
2 24 0 0 0 1.4062760822965115 -0.1261547461635707 0.9168091999770912 0.9830384321757604 1.3626074587954977 0.6246369705909339 0.9501014888646522 0.6084887082847553 0.48667586110243044 1.5487956986804523 0.6671395023431836 1.3557680318857095 0.03518731092306641 1.6023364826817923 0.5592528112201831 0.6351841870394087 0.9197083181434236
3 36 0 0 0 1.0806356482420951 0.610900914989701 0.6238237302370302 0.905607721172083 1.5570726687131962 0.7374221739373323 1.3978133984637557 0.12518088459171378 0.6099693499355359 1.6680691940997978 0.7021629118634324 1.4355652231694997 -0.1429427731488486 1.0986700837997605 0.6423274940472671 0.5749982095508493 0.8792411810361794
4 48 0 0 0 1.0566239999696165 1.1620925469391237 0.3450378183825964 0.7409991051206053 1.7826036893305253 0.0990203233766937 1.6242317187714066 -0.42896070816848 0.3563790586159039 1.92593947540436 0.5130866124392836 1.7104029376072971 0.4133067083961035 0.9581078310503937 0.6270356556113692 0.5169923525548591 0.9659892957670113
5 60 0 0 0 0.2623215358314887 1.3807875993370322 0.5338699126498234 1.1782258665337333 1.910636891628247 0.1595619380155731 1.8783233398661048 -0.5108851671610529 0.5326153881226956 2.511931544450252 0.07203083660982601 1.669414816047072 0.527765412299685 1.19063023567282 0.19877795431175183 0.32213652777575486 0.8799932772386855
6 72 0 0 0 -0.09228411634239889 1.761997046971373 1.0540825436854704 0.9561061105237589 1.9028844483214342 -0.07945389216798601 1.599217380634577 -0.7986563106305888 0.29585303488701936 3.2277001332469455 -0.7929972073783884 1.998896150971369 0.5414568321171341 1.0285006039218203 -0.2552207762852021 0.3391217734709486 0.7168605501594679
7 84 0 0 0 -0.21360109541577435 1.6262051365918482 1.1353528649680686 0.7006479798609545 2.2784953996266033 -0.1392722815393996 1.4877350633915452 -0.7851973596589149 0.9241918165424803 3.5103895513611065 -0.6191106893937636 2.1775275699755814 0.4893332459067059 1.4218196708124153 -0.48148061204065457 -0.6001548334478009 1.2710998617889901
8 96 0 0 0 -0.5125998109743423 1.5843265503841932 1.0192029059537173 0.3814818905171191 1.7352811356829352 -0.588182352809659 0.9725890694891943 -2.0153895377091917 0.918513123344214 3.5920037505934306 -1.123347058370343 2.1019381961712456 0.7111976577416432 1.3036165638632948 -0.6894929795756689 -0.6187631022397387 1.1048922032142106
9 108 0 0 0 -1.0533368003224812 1.6479781893435763 1.8615017676596268 1.359365129969694 3.1225126434400994 -0.6448372530110553 1.167150668653048 -1.65562389139124 0.9188909591747974 3.4607468734312157 -1.6600972728876222 2.165465100424215 1.0853819083642708 1.2635728444597938 -0.5822443042248402 -1.1246336589995993 0.3084648176911808
10 120 0 0 0 -1.6365266004064793 1.5300140440705003 2.0224753210973323 1.8680545812095453 2.7993720129202635 -1.3715226857533618 1.3087294863838528 -2.1852295458321267 0.19088420156181019 4.677655257448586 -1.8946764592637115 2.5196763758490976 1.2169856301013156 0.7747553662698763 -0.14137544529694562 -0.4812842247188397 0.31226666032601785
11 132 0 0 0 -1.5845370174416125 1.9029621580288656 1.4533589588270401 1.4590857105586668 3.6410132440201055 -1.6586096369837267 1.3615426796359795 -1.7959773303676971 0.5709821974764382 5.045097331543235 -2.541437481146265 2.295856121416427 1.7914783927975397 1.0251075694000704 -0.31006854330412953 0.5066224738678634 0.6738656523043994
12 144 0 0 0 -1.9144693447892456 1.9229495577107845 0.9031086335528108 1.601102516243166 2.9434289748850064 -2.039040375634314 1.3539279753044522 -1.7610686262699768 0.7753440950374736 4.82595113264646 -2.7674542581781196 1.8695476311309727 1.0714859872720017 0.493871375147008 -0.44309088140124164 0.4286863851094808 1.3548808538925992
13 156 0 0 0 -1.8491374306670714 1.7031796868424718 0.46397858342749837 1.8982001325102935 3.337765752203592 -2.6850444843772303 1.2895882672864012 -1.858775267423099 1.1016249137820595 4.680053528684497 -2.9050230412304643 2.2830462052556526 1.7075611989654964 0.6010952582228496 -0.5671223242079696 -0.0020090760949556963 0.8875986545503526
14 168 0 0 0 -1.998201506284435 1.9162737346268897 -0.6216466951627901 1.1410780680302524 3.011127862320706 -2.1477137817075493 0.9604288278709272 -2.1762251462050353 1.8384866926294263 5.213218224856706 -3.5925096907941048 3.272990711377865 1.145835183768403 0.8252905532326464 -0.507161321746351 0.16032109550543638 0.6030504861163828
15 180 0 0 0 -2.4939366657239486 1.8553004669412267 -1.0472897881807455 2.1183605303707544 2.692295064108121 -2.9764352548362987 0.7855777784196517 -2.582088929492429 2.292033596971818 5.06280636208561 -3.676569383645583 3.374177783056443 1.3098980993161968 0.4849972712549051 -0.979081679225285 0.14361994177124116 0.26195905391551033
16 192 0 0 0 -3.304910209345955 1.5604429200567072 -0.7047842811671647 2.077898890354861 2.263191503028992 -2.5954447913135694 1.0400372721906908 -2.4114170688899024 2.440176360970632 5.5118593307954145 -4.365088430463234 3.213937104516083 2.1498518953720147 0.6663795787337368 -1.5110844915156099 0.1429454228378586 0.25467991549920305
17 204 0 0 0 -3.0268660173561894 2.0916076501303245 -0.46829348243013796 2.7384702328002435 2.6282277079322256 -3.0975105415029596 0.8757883173534158 -2.579421237233443 2.9707266248132633 5.350180813494902 -4.0766325176464475 3.0650289781871707 3.0367713581047706 0.020672139511188264 -1.272634320922804 0.28332031647832107 0.5834816121191788
18 216 0 0 0 -2.7190714221596664 1.7761452450867614 -0.9415563441318702 2.655978943852655 2.199808290663278 -2.569199031719983 0.4790293817645607 -2.8348299337688436 3.50929903720217 5.1188338636196695 -4.435929226650513 3.90269449697918 3.0417389878829915 0.001929446493061586 -1.9586483950171107 0.5080312545858578 1.0831368210442274
19 228 0 0 0 -2.8718783045268745 1.8750845871486472 -1.357774920402326 2.8069822633782833 2.894518170223722 -2.950050961636076 0.8187947333141784 -2.752402182265108 2.5018512238819777 5.606850168819155 -4.316192971287277 3.710232021321341 3.1091306706696353 -0.5248090138927987 -2.636549218054527 -0.9738305955455446 1.4449467723832665
20 240 0 0 0 -2.6462972681254184 1.8801305726140791 -1.7610756995561556 2.3362382829656916 3.138442144105691 -2.3707990474882212 0.49958676298124993 -2.5504492247348938 2.376124132334102 4.995959218868872 -5.1434458348283885 3.2698441278355603 2.8091643474990846 0.8412101575433589 -2.4002252159544546 -0.5226045519843336 2.3024650742201027
21 252 0 0 0 -2.1721927214619345 2.079260586234434 -1.7537609203620077 2.399673302833163 2.8804477436351807 -2.958964812300687 0.680892088910784 -2.367590643525161 2.3415246701125674 3.7877333311666184 -4.840106665411457 3.401961560024204 2.976522406254044 0.29320834693929415 -1.2292363121501237 -0.46139098366987863 1.7869801290244323
22 264 0 0 0 -1.5436306847659265 1.7694303638678897 -1.1246571487295705 2.524658323115296 2.5715181782049013 -3.035996829038392 0.9026275766289126 -1.748244712677313 2.303769881424175 3.5272898650096436 -4.661476629044279 2.751405732295766 3.3382012464880444 0.508649398904134 -1.4404887354965403 -0.43362628850337254 2.2595267201790943
23 276 0 0 0 -1.0928887148075423 1.5112497853824476 -1.5265551074435948 2.4003681409482427 2.341550401973908 -1.7178888813346727 0.041557799602587826 -1.5243088570530678 2.4805900795895246 3.8914007320312805 -3.1161594551709273 3.1992034823325795 2.491532005131168 0.9808129286605641 -1.156857624323313 -0.52818384038663 2.2148945802433233
24 288 0 0 0 -0.17142331910860564 1.8101351694857477 -1.1774242694845696 1.7838080226065431 2.1716475416387473 -1.799639569298492 -0.4172402380909268 -2.224792438740361 2.433124884247078 3.1188132426729567 -2.7522292514305233 3.2293332384014937 2.081665863083033 1.051852231725015 -0.6491260998167053 0.1855761515161325 1.9555490356029301
25 300 0 0 0 -0.4067344221437705 1.708325193958327 -1.0626665685579149 1.8839703764679943 2.071554176740023 -2.3434261843989947 -0.6668200310704102 -2.721942019991504 2.8816113680282984 3.760736248332667 -2.8922879143447195 3.2639821167141116 2.255494782381339 0.9784240443860555 -0.6321389121172741 0.5803619035781932 2.0298736413013385
26 312 0 0 0 -0.7832724959782889 1.598220025173796 -0.7467576461590522 2.1643130049646664 1.7337123983032057 -2.8464614403594313 -0.5699487799392697 -3.2681662401381133 2.657918371335274 4.377323674678879 -3.209217964589788 3.636483987775837 3.6659827731266845 0.5474090399471355 -0.2607026645032707 0.7949369932722461 1.8045928201961943
27 324 0 0 0 -0.3429645283560196 1.458525152312085 -1.1482574270546306 2.250621507066503 1.5117949570524016 -2.039986327304696 -0.6710621668042196 -3.5794654794447305 2.4638938176225347 4.33631955884369 -3.0080471769059347 3.2073773090231974 3.77424252291331 0.5545013987591995 -0.14876639784631374 0.3149421401089974 2.914155237160511
28 336 0 0 0 -1.2163930534137526 1.8268700511342917 -1.9877241027300934 2.262569980944581 2.0174054469667775 -3.214072566132386 -0.6472055054640289 -4.943399642314985 2.2988453113513634 4.270901842131546 -3.862381038349901 2.877219705046297 4.3287609689709585 0.2917964128387109 0.28333542013542823 0.33311695377754 2.8743693210403234
29 348 0 0 0 -1.8804628263778833 1.7442662244385938 -1.5325486372714332 1.7123181940985657 2.1867618973354355 -3.17597048134926 -0.11451076214101953 -5.305053198941706 1.7168359377317373 4.405503269185998 -3.273393890639741 3.1193055049134313 3.845832405662425 0.5561216735958179 0.608091449275092 -0.05731097834326172 3.030864911635797
30 360 0 0 0 -2.8618739533666155 1.5771354111159215 -2.1066124648729687 1.409970643868647 2.159659837995886 -2.764498374291364 0.21416122454112008 -5.240913976200011 1.346486687110854 4.453480896154769 -2.72517942786994 2.5136833198242923 4.026454656554748 1.1841517884801835 0.5819512904377794 -0.5086056036786054 3.7787470939520986
31 372 0 0 0 -2.8568437645983242 1.65743815110012 -2.0810457234031654 1.8911953277688769 2.752180474480284 -3.277180896542865 0.9635513911797233 -4.671514038166447 1.4934449793332245 4.6687646343751 -3.0172197867476895 2.086053871709521 4.077476655882539 1.2308124942632026 -0.1508446990851649 0.017588058786109195 3.464853725047389
32 384 0 0 0 -3.203072769020553 1.5368654256474918 -1.944771805589022 2.07845324555818 2.253856023085277 -3.7400937927472073 0.048959507823757714 -5.8591814312640675 1.4459201639265868 4.883206962228522 -3.663916820580872 2.0979982544638274 3.3947271047260803 0.7884737287662325 -0.9450987565418008 -0.6958258253105886 3.8369684468345717
33 396 0 0 0 -2.773860353440569 1.793919563658392 -2.432579899770481 1.8462873961174453 2.7897907917252067 -3.411089492858681 0.4134464598158023 -6.677091859385449 1.3556173987442148 4.672007614714449 -4.0063333778786 1.650332574425764 3.5770790990932557 1.4627336137743672 -1.1193330015436482 -0.5542626317400599 3.988572424997613
34 408 0 0 0 -2.3703680978087305 1.9603853548912322 -1.3400962280890234 1.7724298022290474 2.9761611268175194 -3.9354881206495684 0.6168412168559296 -6.785868311146893 1.5992329349945156 5.072936938121992 -4.239872604126233 2.5329749431820296 3.215979411360361 1.4480222117275623 -1.837616476542653 0.03244012796411823 4.441577991728796
35 420 0 0 0 -2.487902133208348 1.7368612734827198 -2.163814381821047 1.2442339744257442 2.8171974456510003 -3.1831567326267436 1.226884999928019 -6.825061549657479 1.7489758702326574 4.511865955876437 -3.4369553626344707 2.0895462569498644 3.0826606738553877 1.5097253979041434 -1.1888303107812503 -0.434068834608585 5.2093251444084725
36 432 0 0 0 -2.21082109579923 1.7335930690092487 -1.578157139124688 1.1300538690182154 2.0685266465066854 -2.3527588560145323 1.229892959013647 -7.243104494887424 1.9955798393402704 5.14453459347598 -3.1616717332418403 1.9442631398421273 3.4939517565932854 1.6485859611842348 -0.8298660355867173 -0.3724462791034956 5.26772745078946
37 444 0 0 0 -1.2547515669438534 1.846033794558834 -1.6169224649714566 1.1368878226126171 1.7315226079672188 -1.9923315177727634 0.7697098291178397 -7.037809456937235 2.80410592396302 5.117817974178138 -2.992072790616107 1.9516758933603422 3.344928381112459 2.1990795961857983 -0.6293727735058743 -0.168665045992533 4.214676267222423
38 456 0 0 0 -0.8391962287819156 1.8359966577539575 -1.6890421416324224 2.008762114983724 1.9038437360571856 -2.682698692222924 0.5613396011375221 -8.074468962428508 2.705046247297592 5.357306314329475 -3.6093888527745186 2.240852169779796 3.533274126238421 1.7647589971896458 -0.613869324277613 0.04948698015273024 4.157478672596312
39 468 0 0 0 -1.808630584207005 1.5333783853849445 -1.3518227319821392 2.2273870836608607 1.0654227439605273 -1.8247783389832084 -0.06353226683556926 -7.717920403474247 2.5373754119366483 5.604220159073743 -2.5603130096733473 1.9545230244727245 2.3680648064313345 1.6511676380761282 -1.1088670905688316 -0.3201820911757484 3.7087804501565356
40 480 0 0 0 -1.6029989503555628 1.5452481520350323 -1.6196061666610582 2.905937581703004 1.8569168328557328 -2.064941449981226 -0.19948338493997558 -7.717759676079991 2.364166034781565 5.000052893399374 -2.458569604430113 2.180168861501647 3.1790301874291886 1.410937748838486 -0.021519415286748195 -0.36940779524578166 3.1888365504146794
41 492 0 0 0 -1.5357204187416182 1.5118917548373547 -0.5828109987768131 2.372779767050874 1.6175959766567027 -2.1530925858108647 -0.6622562661615904 -7.265084481033296 2.9973302069046546 3.945393417316544 -1.9857302058264865 2.160854112254473 3.5423560195801693 1.0271117418609932 -0.01268321202568125 -0.6532216516733542 2.810943462052967
42 504 0 0 0 -0.9046918214106656 1.7041168927177046 -0.8325226957284089 2.6751026536738998 1.6046683467426672 -2.1721023276885454 -0.9686299211284588 -7.0143875053172575 3.067480106968811 3.789112381145971 -1.7695853515177904 1.5893591079294835 3.908563099010238 1.2545059945403816 -0.48965596749539475 -0.13862507510957775 2.8955929331009505
43 516 0 0 0 -1.067800571160027 1.6155094577068192 -0.7510836484995077 3.0146104261878013 2.4101087455632557 -2.25383236952503 -0.9209895827108269 -6.431905345574838 2.8065046516791545 3.986617496581187 -2.048714574674977 1.9355545295457213 4.432052373133332 1.1855795991375955 -1.1265291359112837 0.2790827489830279 3.2289231511704997
44 528 0 0 0 -1.3805528018552153 1.6319501830484802 -0.7653452135959367 3.043699089347149 2.139691468136569 -1.493161947458384 -0.9375848736291089 -5.790812708168854 2.606544131627514 3.6209994565537085 -2.0687416263889964 2.396888409698437 3.9693434324821055 1.5074379757715806 -1.0188420406536414 1.1609560149906617 2.8836525554463477
45 540 0 0 0 -1.2358879301259105 1.4713542789564045 -0.9692806319095839 3.4868459493669444 2.2947437930661083 -1.6499730619588915 -1.8826888146356326 -6.3675456643892 3.2798620678274637 3.4206424546145233 -2.20208629004322 2.7023142416630006 3.300828721158393 1.3540688407688455 -0.8383073845327127 0.7636726583806238 2.721278588730472
46 552 0 0 0 -1.9687772397525347 1.5892843503229335 -1.3597541200933752 3.5953224203090404 2.61847398224862 -1.3223593496927737 -1.7792141579592444 -7.051463594833504 2.304727147621496 3.709014306171083 -1.338316103934014 1.8851924430884925 3.3831507147821753 1.6200721623093328 -0.08618730678543482 0.09168612498767925 3.3268654850039305
47 564 0 0 0 -2.194102301311546 1.7214157193148512 -1.092901235609002 3.8992297589370963 3.178876869826118 -1.4672295275979352 -1.9895197724342109 -7.044260882673487 2.0562803868516473 3.8368159468378424 -1.5535604434746595 1.031537812329578 3.786495720641729 1.1263734726038903 -0.1998776327465709 0.749489575241034 3.7604461307991834
48 576 0 0 0 -2.7994420427561613 1.7390532249353727 -1.2853152844713722 3.145195952806107 2.8431426120089025 -1.8925906208963614 -1.9767208884027254 -7.09815407167819 1.6234969797082424 3.56102507803339 -2.3034375131194067 1.3933013226526472 3.471904008622344 0.9909559446678347 -1.1170365519350849 0.7929596539146169 3.206019323097391
49 588 0 0 0 -3.4661080719421915 1.620779710726817 -1.604876449771415 3.6773844942002873 3.0725255533484397 -1.7197703115638032 -1.6079577749916099 -6.724646513289305 1.329384326217259 3.556797206205173 -1.812549337383652 1.4175993380387841 3.398288685390079 0.5074981243683461 -0.8100256129339167 1.6295367421054934 3.1039593573475908
50 600 0 0 0 -3.5372686590294 1.6348871225307482 -1.766389521264006 3.641679148162785 2.4369773119419986 -1.1132686196791663 -1.15304424740186 -7.220721256485566 1.4433261584804646 3.900549682091357 -2.151049993004305 1.404273523860031 2.8972176296522445 0.3016699824408339 -0.6902489395285544 1.6183079738402841 3.724663352309122
51 612 0 0 0 -4.271511288223643 1.5976525565667228 -2.45975768134144 3.558880097485998 2.7713363455636792 -1.0154596834996448 -0.6955022658850574 -6.773076573798569 1.1993392096119533 4.02134411161802 -2.227398950930201 1.5944636843220936 2.7341860485750344 0.403749663966958 -1.0888006569394921 1.3578572974269936 3.388511406305103
52 624 0 0 0 -4.4557380552246 1.7443670074900195 -2.5101720870662425 3.8444135697589275 3.131791941450119 -1.0249497956107079 -1.2983038621226932 -7.23295304806814 1.110620924095152 4.214641262165362 -1.7064213456169446 1.7748148725366386 2.5639175392087585 0.6995225678354136 -1.082646116560981 1.5342617660528841 2.956289924742927
53 636 0 0 0 -4.119159784673576 1.7944788625110084 -2.416707986019678 4.271417790413628 2.482055059889974 -1.1049642927394456 -1.637804867246077 -7.1401329545250745 1.3064821950401468 4.002004218149437 -1.795311359672888 2.2898838524553207 2.582224798518269 0.6524354655580564 -1.3664413397050903 1.6734650845253738 2.5094243478757265
54 648 0 0 0 -4.861259218486581 1.6767315176766489 -2.658934344676395 4.155515862605952 1.9427454736928524 -1.7294062160385528 -1.4091528193245557 -8.281603934945968 1.14757039769182 4.7157079210752375 -1.1849756312358846 2.1628030814386543 2.7214726711424575 1.0979021779218 -1.534530708893196 1.3827744545594902 3.113751706146956
55 660 0 0 0 -3.865359857083504 1.7030273045350492 -2.7624827797254583 3.900740309046611 1.8509319361648473 -2.1907013537956064 -1.4421513340737724 -8.483783242358022 0.9897028907397674 4.562277536317677 -0.9733529125897626 2.3831887112349874 2.3370193887223065 1.8190995942677228 -1.6719561588021135 0.8302792399607468 2.6554078093197617
56 672 0 0 0 -3.726217463988965 1.7517975931743337 -2.535692664600323 3.7231718394857114 1.5423976537801034 -2.4467317206065466 -1.345573545894439 -8.535565869263522 1.296134358985635 5.519621666366752 -0.9426375818237072 2.3216361299506545 2.096841490153319 2.0339881181187565 -1.9742635368506207 1.5497420797845771 1.9016412643425977
57 684 0 0 0 -3.686996125431559 1.6354759624006812 -2.8546616106120926 4.155550071702796 2.3148976371882966 -1.8119920825151863 -1.7074867808670824 -7.391091190612336 1.4896593844061168 4.986338057333477 -0.8331197464853185 2.7262434515194482 1.9198113828841445 2.16743144495214 -2.1713437342742554 2.008405349593983 2.1389501112903684
58 696 0 0 0 -3.896470147605872 1.6634181105659496 -2.5291608395907437 4.004572858650062 3.2277840713932475 -1.875301394923008 -1.767560508431225 -7.8539057253420435 1.3522902237170975 5.024977711994483 -1.0243486442735936 2.644622579268641 1.576238311265139 2.7824830711810087 -2.3308938845408846 1.6457769674119176 1.6816012745071724
59 708 0 0 0 -3.624975319731478 1.7403507912206806 -2.5139915385739666 4.400494681932585 3.219729904635879 -1.5814706716947247 -0.9162800146662379 -7.531708230584777 1.038513947782965 5.168628008287274 -0.9248403889442892 2.467335242113627 1.5384604489912617 3.090523667249124 -2.4472117899088635 1.7047391254647675 2.1195923313143785
60 720 0 0 0 -4.240538095366338 1.739285541198351 -3.201253486919134 4.496309275377483 4.076722418596561 -1.5071603599467764 -0.9752403627535434 -7.5244928118262315 1.7602763914610073 5.20287914397262 -1.1438644068818145 2.019747583361114 1.5076810277904973 2.8512517260620727 -1.9416736493992126 1.6377967928382928 1.820196626355882
61 732 0 0 0 -4.277336115889853 1.713751699140429 -2.733067429014251 4.450749863653099 3.626651013211828 -1.2323964578321855 -0.7311914068069346 -7.13395006691272 1.2488410033739552 5.535088588692422 -1.5109149392178645 1.9314934751058885 1.300914478045989 2.6860043130109843 -2.2420798837167997 2.057263078213693 1.606477418536299
62 744 0 0 0 -3.7606152827550687 1.7083543536682904 -3.0716518212653567 4.087026391899661 4.215468323505876 -0.6998261014851002 -1.1092787491491334 -6.390413916961506 1.6744439462637477 5.190516265437375 -1.5985009050905623 2.751297596474492 1.3119976847687351 2.6804011864714328 -2.4472114278367103 1.8699720900124053 0.600024802445285
63 756 0 0 0 -3.532817160479351 1.6689272167964249 -2.8356516183922706 3.8537692969955564 3.9676723723456915 -0.746114932923975 -0.5720923055975001 -6.939687539764191 1.1990223818561903 4.871399830275167 -1.692791650954286 2.4190372184227065 1.62714776971637 2.747080591077597 -2.815789717845523 2.279557816004565 0.8898650556751663
64 768 0 0 0 -3.4602739138047087 1.7312648090189602 -2.7592013586356687 3.70380772395663 4.088862296253278 -0.5815340515399212 -0.5081189792323485 -7.914357151019623 1.2440367702253807 4.766241531119705 -1.9964801499788583 2.4238813873863343 1.5643042904015643 2.8424718070955897 -3.0988586704593426 2.7274733469243237 1.5480698173146836
65 780 0 0 0 -3.201193290814953 1.5955251550924696 -3.326523994385873 4.2646751000983905 4.240469161375743 -0.6618492215031694 -0.7308755559889897 -7.688834534534454 0.979410385802017 4.740018002359724 -1.79494287037165 2.681355146710924 2.218841489642284 2.370809117599072 -3.2289000935365118 2.464925849156599 1.596473733799784
66 792 0 0 0 -3.293480223103783 1.6604419897229252 -2.9876606790124405 3.9116059115376305 3.4808714290076197 -0.6695451162521155 -0.23949164549355756 -7.4228163615356735 0.9309448099868105 4.981745695743271 -2.0115025446218353 2.6590457407871737 1.7932396068040832 2.5870630674737796 -3.1939623145329916 2.0758777794502223 1.52968122826148
67 804 0 0 0 -3.306671575099161 1.7281376145962921 -3.837380237101874 4.007143481611651 3.581684273888438 -0.36404091851847303 -0.1504443478311811 -6.958423533996718 0.894278761690678 5.452975587207577 -2.134971519315745 2.713167921055456 1.5746745267871782 2.609756557178442 -3.373090953091919 2.085344688424994 1.1924008844076066
68 816 0 0 0 -3.1741989850208414 1.7552552884048183 -3.983519626916498 4.105673904803237 3.546866887616017 -0.5459565045344454 -0.009412326487575944 -6.7586913556130135 0.7249024645831362 6.2288396811774955 -1.9669979591728128 2.5465470677071003 1.6166588129470458 2.8246183858394627 -3.1330722454198434 1.7835137550965723 1.1509432371391464
69 828 0 0 0 -3.17668623226166 1.5936001618841757 -4.741591003830888 4.601154601272885 3.469261526636816 -0.5608030510576588 -0.38975026605418356 -6.172245642984814 0.746801353607137 6.265121509576895 -1.7341309139635552 2.3611036387537445 1.5683791996011363 2.8549796328361263 -3.2126138741544614 1.3701736490728522 0.44152127363787524
70 840 0 0 0 -3.750282065378038 1.7050221687836271 -5.214532049633872 4.6477085551847885 3.7320477585708267 -1.06769161094528 -0.21424201894485403 -5.994843864053562 0.9258245762108986 5.931823606830544 -1.792865343090017 1.8897461585902977 1.7791294415112793 3.0751164415211494 -3.117884986196327 0.8586764018661722 0.36304250419636314
71 852 0 0 0 -4.0829494526352965 1.6992330437366805 -5.338505348290806 5.09875232968248 3.6802717090974717 -1.1749589508428826 -0.45364283849216136 -6.217628718304709 1.1014489335778763 5.610127896540859 -1.62641264190884 1.860364409468765 1.9970326846303945 2.5775356057285412 -2.7295419517191717 1.2475343581472806 0.8153643313047588
72 864 0 0 0 -3.9093234363005953 1.740588490657879 -5.090938335105277 5.011755787697519 3.4526127142044523 -1.5151140266405336 -0.3286360599080647 -6.438733483967649 1.0661674172987299 5.822277959135819 -1.854536728012119 1.9385305333522465 1.7132635833307597 2.601763406754493 -2.923826122167496 1.4253509977543206 0.6842784215320833
73 876 0 0 0 -4.274175518662596 1.7600224584032045 -5.560071370306283 5.030615223473205 3.586705380861882 -1.5433152990048469 -0.43781208809537053 -6.441709285873932 0.947493686410229 5.9974042867853194 -1.7665012235912156 1.904335013097579 1.7996008304819222 2.8884301434459876 -3.076137860311377 1.3209756569332791 1.0741272389602976
74 888 0 0 0 -4.4879149176219935 1.7541275213179428 -5.304071202119832 5.310894018742766 3.969921465140583 -1.1281206952846112 -0.32277394765956535 -5.935432232400018 1.0438960732533602 5.3884027743575205 -1.21781903610586 1.383138871326867 1.63452325549071 2.9331710439454497 -2.790674482615666 1.4394227412868175 0.9649739265900099
75 900 0 0 0 -5.024352745609005 1.7332189701030438 -5.665091848414393 5.252361822285726 3.7817092912287538 -1.274124767347023 -0.27844658117600424 -6.220903176626699 0.4762651911646367 5.48817632371882 -1.0050623430959915 1.751126502881931 1.7627672822010967 2.9455363255916316 -2.8458321753530025 1.557457942869199 1.269232470943264
76 912 0 0 0 -4.862829182136631 1.6985329218362737 -5.734346152203502 5.522142944233857 4.0989727070835595 -1.1167952778799317 -0.6393644615413019 -5.788286496937821 0.9514297760430735 5.651386940909125 -0.9039092506397968 1.9481852854278596 1.8164885390063739 2.8821213809869337 -2.613707117086531 2.1282748345257247 0.8110162592811614
77 924 0 0 0 -4.60002425532489 1.6843699710560578 -5.984044459044512 5.706418001646098 4.383241696967887 -1.7597659737890035 -0.3437454036666688 -5.8289063961632905 0.7801329519689953 6.055356833460578 -0.895398861053929 1.625906196638474 2.3918849936093043 2.463559284228551 -2.6615101285009004 2.324478429412056 0.7568747018583192
78 936 0 0 0 -4.708233481177156 1.7428638909074698 -6.153994230984138 5.493563125896684 4.631734638612877 -1.000147864266852 -0.32163539720450235 -5.4199601265969966 0.9916468831981126 5.608448908004436 -0.6724961015191352 1.7416116346843526 2.640848086352228 2.913699784076152 -2.6339149810147786 1.9224830363811967 0.5450498229430779
79 948 0 0 0 -4.855203212192676 1.7574555990207132 -6.418636453555789 5.303933531777298 4.679234841830184 -1.1534541463395653 0.07027392333346662 -6.70644749911798 0.7538123350393178 5.935794752508784 -1.2473014255031065 1.4944047880671874 2.593435105399489 3.021239664699159 -2.6218278323972415 1.5565766542511916 1.2164948878690132
80 960 0 0 0 -4.66031226404009 1.7854706491446617 -6.424630312154814 5.190208267009393 4.8524986714281315 -0.9386497932628792 0.4594464549384375 -6.529686913016619 0.5476422438324073 5.870849581878522 -0.9183908867304544 1.3049965236032988 3.0548259685490233 2.9132720064924453 -2.3632768722946906 1.5612567751882198 1.830031096204898
81 972 0 0 0 -4.374903720848405 1.7852618331283359 -6.863547923948019 5.436351838077284 4.471943329045018 -1.306370966356882 0.7044700810716804 -6.501965851504547 0.45561139876422063 5.922773502668685 -0.8484511403818092 1.0655022107505938 3.385524104406421 2.6452846080713384 -2.7741363218338786 1.4436663651711181 1.566024949577115
82 984 0 0 0 -4.520953487632147 1.8057725306948824 -7.245560929466907 5.742856676846789 4.539678144046091 -1.63734596187619 0.5332282588369324 -7.008969560361189 0.3947891685543747 6.0455131147817385 -0.46635725887672164 1.2850014432290813 3.4898683548621863 2.7552827700129465 -2.691759172128053 1.5911730488699938 1.1641410430635681
83 996 0 0 0 -4.368358279616922 1.8220406962752413 -6.828566433182512 5.530682112612286 4.7783419311926245 -1.4444679822018534 0.7509946880147467 -7.13461003475617 0.5457889494142143 5.93104637934755 -0.6144506072558695 1.4505565707064951 3.518872506397813 2.274632261901514 -2.584082476355848 2.420332155911555 1.2601001539656136
84 1008 0 0 0 -4.696450960510556 1.762409210527684 -6.73615757213686 5.663861127167388 5.733567307612189 -0.7767226998289669 0.6079691874237094 -6.6361847128474025 0.8212861155661415 5.885232083465848 -0.7276581034419088 1.8967778237236126 3.324852755046898 2.3714602995464205 -2.688354472437984 2.5444521820491888 1.2202477340269722
85 1020 0 0 0 -4.442814124727259 1.784575051763478 -6.858354474947576 5.737297271256966 5.589550037035414 -0.9540605120560072 0.7131000152464928 -6.977184691128289 1.2975337784222905 5.772734406951836 -0.8642900167389543 1.9781424086352493 3.725179913473252 2.014197826894515 -2.573770587201208 2.3569961215700586 1.3333396731084075
86 1032 0 0 0 -4.287419185167718 1.810058141503111 -6.117985124357903 5.371956217520122 5.552223407585804 -0.9329348351772808 0.8104580115818804 -6.852897970652798 1.1529997852208396 5.508593248205162 -0.8029802447943413 1.8450753216468176 3.4517924981255517 2.292542975556614 -2.2419714262915176 2.3359194531766803 1.5098578788856911
87 1044 0 0 0 -4.2309274159536265 1.8195291573936432 -5.980529973441144 5.542745491382559 5.516913023662011 -0.5566531532746131 0.9134294247685766 -7.057165445909383 1.0604664864141107 5.66240937332405 -0.45050648735468857 1.7810617695204645 3.4114007415757355 2.237414233252146 -2.0775868722582436 2.1921168914660645 1.6138094645601015
88 1056 0 0 0 -4.364771665138133 1.8435616816487652 -6.139525341907321 5.494908865759051 5.456784051210278 -0.37556004008633326 0.9683717289862694 -7.0415607507344555 1.0315134063318971 5.39753844608667 -0.595603233515837 1.986001853049611 3.386806400622877 2.1111110724297184 -2.2468056538089067 2.1731299246272764 1.7676862702347524
89 1068 0 0 0 -4.3823009089611205 1.819441436013806 -6.224553194752996 5.5992044365763824 5.405515314562541 -0.581864459806091 0.9630825410292934 -6.8737267333568495 0.9130239864419383 5.8686586803423895 -0.7796084894085357 1.813419603144924 3.571933023357807 1.631668494061045 -2.45033625369312 2.040913760382546 2.308681816991197
90 1080 0 0 0 -4.300631874995288 1.8784826071194087 -6.3875914248509815 5.723473615813918 5.437844259227868 -0.49834272820409775 0.9632487398482763 -6.743288318307488 1.1505479856525256 5.579563556438086 -0.6409530447401602 1.6098824833452632 3.843281436625919 1.5017122145795414 -2.4396405117478843 2.2439499343891622 2.0941291137560567
91 1092 0 0 0 -4.296314774551922 1.812470603738796 -6.652815549374936 5.7582433590907165 5.451516787790134 -0.5991864385767477 0.7027536375579562 -6.66585502928056 1.1057299452054814 5.370574821471242 -1.2357495442193838 1.982104779319113 4.15407528710102 1.149708305907283 -2.4982003392844025 2.1664264123914894 2.553444088874164
92 1104 0 0 0 -4.0794692327092585 1.8319180144234892 -6.295995497437979 5.403341525394865 5.348320807334524 -0.41323150239835793 0.5502821532297063 -6.849700788796661 1.1521906742112402 5.459752176562149 -1.1321193185529845 1.8107641720092509 3.947595139488255 0.9541491976875739 -2.477790516689402 1.8009703183828054 2.79748883728187
93 1116 0 0 0 -4.38267010445647 1.850121784153951 -6.673492912791836 5.5464866606550505 5.208717281243692 -0.5940325138014664 1.0180290977090045 -7.168150020355855 0.9584172175179785 5.788611329365651 -1.0601655647886628 1.6596961917762414 4.165098816352065 0.6009695710455041 -2.5047243475931507 1.650239109635797 3.072897029291447
94 1128 0 0 0 -4.459025404281174 1.8657561746878997 -6.729626530084083 5.603672574090234 5.100530709626755 -0.9917672481708895 0.8246495823073922 -7.033121242323528 1.0673456695949424 5.432693231961836 -1.2549853643803632 2.1883797033667625 4.283438219115391 0.3477958595849815 -2.46546325892409 1.8568182246117473 2.796075573891152
95 1140 0 0 0 -4.18565028314434 1.8760099756372735 -6.858042582431589 5.261656452984751 4.514074290610895 -1.1902973965138182 0.6594702451133964 -7.637235414844884 1.4952571422155867 5.683314557814871 -1.282983749565923 2.5207364262987055 3.9506870970644052 0.5938422037890739 -2.384206872843369 2.1944725284320348 2.485589221519064
96 1152 0 0 0 -4.1911539499481645 1.7997040845006878 -6.981762353723941 5.183289910901943 4.167175716594267 -1.2248692422023393 0.5275894365442936 -8.094350919747889 1.4894802663131992 5.814096727253409 -1.3096676512091945 2.9120329901428876 3.663166099378152 0.5471146082125252 -2.63037034081268 2.491654734061576 2.0503632353296246
97 1164 0 0 0 -4.103891823622707 1.8442046777957608 -6.500877216973113 4.784943425464048 3.981066637257185 -1.2666383323420662 0.9593058569341812 -8.842495163824497 1.5240870369888662 5.865981245597906 -1.6415561606347526 3.025636755224901 3.4258666847150154 1.1469645470965841 -2.7552148843124167 2.4969138433057516 2.0149269921439648
98 1176 0 0 0 -4.152496359987729 1.8001185555658212 -6.965368058213675 5.085449322186166 4.44585599865365 -1.149047966951239 0.8995813399619934 -8.677278770102172 1.608781943696596 6.042915574669146 -1.490836490845324 2.9532229203942046 3.9872809085469325 0.7501002291852261 -2.6758761883752458 2.6234462818407467 2.1512187908909755
99 1188 0 0 0 -3.800700657545551 1.7686414656063298 -6.516353033621434 4.7662832369162755 4.179622085702752 -1.019788813064184 1.1774394696333763 -8.820067965076156 1.7015563844013477 6.50499035161769 -1.5785125142339056 3.1186697727622095 3.5959987477314708 1.1430316751465863 -2.882487599453367 2.724377057188221 2.1818214264037583
100 1200 0 0 0 -3.4092432537644353 1.7742141076158695 -6.664312413163787 4.551722155281745 4.275670681697739 -1.5960588651568497 1.4131739417131468 -8.403377870613232 1.9122646924268623 6.561137387787818 -2.1002081486493793 2.8922147674370007 3.891595904109911 1.1693856769928381 -2.583347900375623 2.58327894440372 2.4184841981012553
101 1212 0 0 0 -3.859768238857426 1.7989856281823533 -6.552374615091497 4.832355986272452 3.9459832002131248 -1.4801764826693196 1.501505122170909 -8.19179498237324 1.5612427613047484 6.923294877693865 -1.9035073945729422 2.747867574727652 4.172870846053314 0.7366244771841151 -2.8690161158758904 2.298333273842573 2.9807555924177684
102 1224 0 0 0 -4.363182828081704 1.8101190434341192 -7.318411721912129 5.228512538426529 4.018691997189806 -2.025915531740733 1.5608880911709457 -8.265439358522766 1.4464596830465517 7.225472206289591 -2.02888958280804 2.846276880003687 4.089060174228831 0.2715670018774038 -2.8595286397371207 2.262250364870912 2.9215717185626358
103 1236 0 0 0 -3.734074612275893 1.841375067214279 -7.948197555984339 4.6936835736296345 4.119360438344583 -2.5868224091519885 1.8276418117749536 -8.52627698293934 1.180815886631414 7.493033382778298 -2.173703849829561 2.5091342413663837 4.77731585628754 0.8409488065403913 -2.925282849298974 1.7964555363635526 2.9863235061764892
104 1248 0 0 0 -3.660128128752298 1.8066705418125226 -8.019699435651342 4.687873772175332 3.7428353888061334 -2.424051428571681 1.6968045321031222 -8.619484792394198 1.198319243319453 7.558796900665022 -2.579101803551231 2.6790286782803685 4.925523038163069 0.8999392464363728 -2.8696449939101925 2.198205394072124 3.372803599104292
105 1260 0 0 0 -3.7745754000062295 1.7904656475082779 -7.61803482665263 4.962189750622231 4.330522899882875 -1.6504862663002071 1.808525143274701 -8.290044474531545 1.5177926158748916 7.69979093688349 -2.1191408580320243 2.6203642423995896 4.694975311528663 0.9707347839103314 -3.2151660363596215 1.9442779000021198 3.339696606490573
106 1272 0 0 0 -3.7642573920637847 1.7818041243967497 -7.8211770898436015 5.130660887383812 3.795418727268895 -1.8464098108262328 1.878096621236979 -8.429243110632134 1.5855823364565333 8.209208942020267 -2.0755876196799656 2.987244451160746 4.734801587654062 1.1039892560563584 -3.1377071648382184 1.8801739796626424 3.5400140157005344
107 1284 0 0 0 -3.4470968186058366 1.8315327782939583 -8.057790802877392 5.126069416578372 3.68508979989707 -1.806846652335733 1.8190150629316422 -8.4241372102302 1.8303291106280355 8.46291700555209 -2.3627438756432064 2.6207262268304174 4.955857194014966 0.8472108828593462 -3.1993585594145957 1.6214708274674594 3.588766337008957
108 1296 0 0 0 -3.6343977512465884 1.8508630552246728 -8.24082387168299 5.1800874140398365 3.8458045067191073 -1.5591780490511518 1.8082721424829031 -8.41243105494694 1.9551175055834584 8.734181443376645 -2.24249980667166 2.40205244529468 5.053956363879445 1.0722257416466066 -2.8893903422619975 1.5671981606530132 3.6918518260392474
109 1308 0 0 0 -3.700533873724731 1.7899058299745372 -8.1967421690176 5.0419306707342955 3.6304532628449193 -2.168204217348004 1.9628904498526947 -8.375426885316593 1.7892786426162035 8.634586178813779 -2.226946171752085 2.6278742814060525 4.864757647372874 0.6906421612340374 -2.8573763388654547 1.8353897467724458 3.6897951175296417
110 1320 0 0 0 -3.9185395230091764 1.7963943323938587 -7.71977556541075 5.142170090553214 3.4959511185069303 -1.878328830252515 1.6907936174259097 -8.195510873503645 2.1816053306563794 8.36241750257332 -2.4528940465902456 2.466014727769534 4.649526316540144 0.964308021777373 -3.203321027826554 1.638886110016383 3.7676043705781206
111 1332 0 0 0 -4.019155954831836 1.8553588552998417 -7.62467598885125 5.21810931935464 3.468191441644192 -1.6198640589899593 1.840782961991914 -8.630211575362923 2.284620971349903 8.473679064906612 -2.807564659805235 2.650328751248476 4.547524826584527 0.9246556284226937 -3.5294985006042197 2.00099756393121 4.182958746851008
112 1344 0 0 0 -4.135561000729357 1.8335780071963055 -7.063049403007781 4.994999354428051 3.487184449559217 -1.6925757613665793 2.036170292840496 -8.788242987781922 2.4053688292320947 8.586515500109748 -3.351153101388443 2.6959468648903853 4.508979647435066 0.6276138732967415 -3.655352585938325 2.116649807950184 4.6434717500167215
113 1356 0 0 0 -4.287834704876747 1.8335075183286382 -6.4144052296501375 4.5743492460300645 3.3063221332416872 -1.4446964257236448 2.043816702462559 -9.203534691376971 2.747453127162571 8.639540997132439 -3.1629909431766214 2.513566269524251 4.200677631054448 0.7851202119264324 -3.6728192360101573 2.0599294112026194 4.633161144524567
114 1368 0 0 0 -4.317996990307499 1.8085073533656997 -6.906391141691714 4.4441051347928555 3.0566790062690847 -1.849681536751951 1.8998607077012983 -9.5456504537334 2.6466202686148854 9.295049097898268 -2.7144025824405085 2.4784379194987745 4.463606984313871 1.234834643213055 -3.564231806235496 2.251688465670787 4.8344984300665494
115 1380 0 0 0 -4.138249802327257 1.7840667297538464 -7.194668922387239 4.497656228754236 2.8060246637411765 -1.8658001748138207 2.139349486150399 -9.332564437070586 2.691699337002285 9.192176817588312 -2.906498574998521 2.8741019102835885 4.640248395307735 0.8475015916673831 -3.444931964955975 1.6966563383153184 5.017246689477936
116 1392 0 0 0 -3.9880170790350067 1.8117163026668432 -6.97297565852298 4.406420717511893 2.5257327501241185 -1.8384508035983025 2.3377028837615987 -9.564942956529366 2.64615257471277 9.031984573973412 -2.4999516424856014 2.7809543889880373 4.471958156752191 0.936880170025824 -3.453284308742571 1.6318195357935066 5.24238381612856
117 1404 0 0 0 -4.28939361211643 1.7888327827787402 -7.133882489538087 4.369284575627257 2.606942962358562 -1.586052023444596 2.050504774556618 -9.033032378194658 2.4836760445619217 8.944486838916736 -2.3407508029781434 3.0600712279624656 3.882327174073106 0.9835252272339046 -3.8294544329392597 1.8971970782008325 4.803162424003053
118 1416 0 0 0 -4.299860324431848 1.768507119515547 -7.4062450436862495 4.759703126838685 2.5276401065180814 -1.7384229978653725 1.9148559328617873 -8.874109735318536 2.5274616629540243 8.694143632026684 -2.237256994179383 3.339490524320761 3.932195877267877 0.9650814681071281 -4.0291064219757695 1.7712060227735593 4.826197819388995
119 1428 0 0 0 -4.689112289936878 1.787960519761237 -7.872143087177551 4.714856810695925 3.1110164241270404 -1.5650254328975743 2.0078909639113944 -9.250757855610146 2.346334817495581 8.892641089458373 -2.0154485988062074 3.193827100496188 4.008657243274256 1.0395589511031498 -3.7639348107764325 2.374049498403324 5.05850474969995
120 1440 0 0 0 -4.796364308179694 1.810322137318474 -8.251271659388896 4.4946416793179145 2.971753688509688 -1.4692325105885382 2.143364379890481 -9.08769015656729 2.06832189900288 8.555138411802846 -2.1838667619060876 3.0383554032710376 4.132527587513841 0.9999418124525467 -3.405821541646577 2.151210838626019 4.876571363313746
121 1452 0 0 0 -4.396052156674556 1.7810664503891873 -7.966779457381149 4.49170110516325 3.0273741777782566 -1.5218989214016905 1.9606715906239853 -8.801326652700403 2.0790820980203075 8.157061401701947 -1.9660183662386181 2.8717195085605662 4.183575994255606 1.1412209551424068 -3.5736069727709414 2.355896216448826 4.333904612938194
122 1464 0 0 0 -4.202910923193686 1.8007652501710285 -7.584786019009651 3.9795105729379165 2.8699210385639207 -1.2454815482064623 2.393796426205621 -9.119842096646735 2.276562358517346 8.05861114907887 -1.5662532084011807 2.6091624011634105 3.8551681145881616 1.5845944890090504 -3.3573341543745663 2.0673169733812684 4.347529386158298
123 1476 0 0 0 -3.9434761072373314 1.7856921878247802 -7.390201357280454 3.5437353003863628 3.0211333014504484 -1.2770047264576656 2.4623261338563576 -9.149379695593165 2.2349322325118064 8.271256684385321 -1.8821459849013693 2.5707834941590786 3.997370249816058 2.081873234058543 -3.6122496560816097 2.279228335721456 4.5616131326932114
124 1488 0 0 0 -3.5651388609483763 1.8046312487640404 -7.509743686865448 3.326281251590245 3.4300064697895665 -1.3386348293104398 2.538626945471565 -9.076416008759402 1.8954450601813078 8.11298082899835 -1.6541286415146246 2.4112665907263087 4.426610656720515 2.029492571782359 -3.3887487612757026 2.301291591932824 4.381811434431468
125 1500 0 0 0 -3.5536867275162316 1.7896574495956907 -7.430369908668422 3.5639407203050033 3.4260848874423138 -0.9917907130254335 2.394092919610174 -9.40423183231644 2.175638679405341 8.189255237329261 -1.3555225163715154 2.269725663280134 4.469806046844143 2.067971603385 -3.5242934104694625 2.344806727839799 4.538624788264583
126 1512 0 0 0 -3.537976930484304 1.7990236059660851 -7.5439451417163275 3.333325375487717 3.6820864344612514 -1.2705887743085862 2.5456297147523523 -9.492358176272546 2.2012679974774416 8.228528432749684 -1.6483043226112803 2.23787073333438 4.9506150894641365 2.048963805974719 -2.9963841226019747 2.618968486447076 4.617835542632638
127 1524 0 0 0 -3.4204614253027423 1.7922820402151713 -7.606807756415861 3.2566227113171173 4.1783512313855455 -1.2475767860616929 2.4449829350022143 -9.376660897235833 2.462893102197619 8.042756882285484 -1.842386859589943 1.9723217487365097 5.449924639598548 2.166760183086712 -2.920978994856027 2.6902699891354143 4.503461084659319
128 1536 0 0 0 -3.1509869077141373 1.7762893046538162 -7.151275853007956 3.4125803425248895 4.369456413223646 -1.3465732665795787 2.371205784024425 -8.968291141566212 2.334977707225171 7.447415148837282 -2.2289388623973343 1.914275313623473 5.539909581212416 2.345654720458125 -2.429859902389414 2.831809383637871 4.529251576265282
129 1548 0 0 0 -2.494005868325922 1.7899045300591774 -7.125371095569672 3.5845837906784332 4.637780184698974 -1.2118285590797644 2.552906293518633 -8.92002877147423 2.567745398225524 7.296336112336078 -2.1574412962595453 1.4462771280094613 5.876442560692525 2.0818116351910105 -2.375975087869263 3.173232895173977 4.430899610713212
130 1560 0 0 0 -2.297364099127622 1.7852986467133067 -6.982060328701268 3.9374688057774403 4.554299640229305 -1.0719525119987456 2.415357398395438 -9.336436858546573 2.367929845184266 7.493092673668148 -1.6740469797981161 1.1576808261809093 6.3510759935412775 2.1324092010733966 -2.1583525729167516 3.1383230973404674 4.928081607101418
131 1572 0 0 0 -1.9689046701539061 1.8118790733884556 -5.869583151022312 3.9381862890144523 4.667560007451666 -0.6781858460821362 2.362372446857474 -8.875257034381788 2.549484711656282 7.231674964740377 -1.4220194213570436 0.8569729102600487 5.992676174499382 2.506602548002221 -2.7393426934719103 3.169357451042266 4.820862117368932
132 1584 0 0 0 -1.8457264978060728 1.7894720864729725 -5.558184340831719 3.5483421036498495 4.1480631812732796 -0.968684261574054 2.316817975067592 -9.295114616084796 2.5055372060346492 7.2933936688857335 -1.4780178654867855 0.7993151856433558 6.201449111720757 2.3740805150809217 -2.7832831044746436 3.195682163963178 4.956476651074608
133 1596 0 0 0 -1.2160804704422885 1.8246612564963787 -6.258484051719257 3.503301822132294 4.015447506983752 -0.5784922306499016 2.377794946340473 -9.535765688245844 2.2218195483387797 6.892103647242554 -0.9817753724206658 0.6944586290576227 6.1511886703398115 2.855779013108461 -2.9405352565284626 3.024434603564577 4.848914629705346
134 1608 0 0 0 -1.7209791239585577 1.8377808870654155 -6.908441781097985 3.4266181468832713 3.02920778755004 -0.6986390476601888 2.606838666696134 -9.84444034071632 2.2867139475439675 7.232295009618944 -1.0417422739578541 1.4716910147243203 5.344032414975067 3.097452211906415 -3.2970446628824086 2.631566009157297 5.123171495896887
135 1620 0 0 0 -1.6177581832927999 1.811837780943265 -6.906522888653213 3.24717051317439 3.560247397754927 -0.9673377228069789 2.3975890692987196 -9.783923780673469 1.9586897466079018 6.698664996438899 -1.1653973160034754 1.3464406851273447 5.6116774999818855 2.974262682775363 -3.259323443262934 2.588772440545988 4.745151616718015
136 1632 0 0 0 -1.8781023205752208 1.7994756048474352 -7.101502745702292 3.206770452274894 3.586842000041885 -1.1402651409893523 2.642038280891386 -9.809177735944264 1.5991890933552007 6.773054534843301 -1.4029391223100987 1.4217655594675038 5.874761488334549 2.5683680284790533 -3.2190786800346745 3.0290991829994427 5.274361393815931
137 1644 0 0 0 -1.5996512310733264 1.7992784585901336 -6.990033221251546 3.448522255336237 3.44973656470277 -1.2918204685097983 2.2605771952598173 -9.456123667308438 1.8002403979005475 6.268976283051245 -1.6005159698413525 1.4929104404210123 5.814498438410699 2.3198995449152986 -2.94265487973964 2.8775169684893354 4.765325842453516
138 1656 0 0 0 -1.9286367725327151 1.783914246772809 -6.69479582455228 3.593482192620397 3.8296087063539765 -1.4239355309384667 2.258489090574536 -9.402474645384226 1.7593895213125288 6.06192104606206 -1.626589389165777 1.2516565876857608 5.74675290113253 1.8276617787962863 -3.2245461753011364 2.6811976857525854 4.998371006992276
139 1668 0 0 0 -2.0606225979753603 1.8000029851882042 -6.484929689448211 3.760760377058718 3.894276899911253 -1.2423656361900004 2.1997628017528728 -9.405522962744051 1.7225195179326824 6.1462358187372095 -1.4877047046790155 1.4100410341970513 5.795936462890489 1.9347934611339344 -3.5674830257695156 2.5931643558713375 4.7857998895930685
140 1680 0 0 0 -1.8153222744662332 1.7723498737835373 -6.560045755031088 3.6655158328348976 3.9330893006294643 -1.3836618169525208 1.8041582529245317 -9.559106713835396 1.6864275178063088 6.129705562240779 -1.5397920743965379 1.6844731096985703 5.863696962692852 1.9905266626469655 -3.644411929722062 2.677924792922739 4.307206719266741
141 1692 0 0 0 -1.7955727204161138 1.7705247577744707 -6.183331487764961 3.6882095930102867 3.8109506280014718 -1.208623787907134 1.514845865876533 -9.612926132600471 1.887477041917126 6.226149994413463 -1.2634258000317748 1.911627578329714 5.499756367226025 1.9730318209695585 -4.199997986008447 2.7185197546413673 4.238620337047301
142 1704 0 0 0 -1.6702502320233137 1.7699532203017643 -6.097542237670617 3.6448444149889214 3.6976955130348936 -1.0385062972834331 1.2424486216041628 -9.563842896797714 2.0142565807919333 5.636585903124301 -1.1617284239247634 1.8856755181967588 5.4180108344314695 1.7144177877586808 -4.204652001535013 2.821025059347461 3.911163606381769
143 1716 0 0 0 -1.812251016255782 1.7938708866835342 -5.693364456083704 3.0553400175805825 3.1022118503726466 -0.9770865274476266 1.4848385321166748 -9.665955137307177 2.1833802430787177 6.092032018134325 -1.1379861731306673 1.5521941093143874 5.127023698757096 1.7246357168742579 -4.569449271408965 2.9363477184283706 4.099818394202861
144 1728 0 0 0 -2.4478569426545778 1.781427822723547 -5.54709824251021 3.2652606275390035 3.2810238407939836 -1.044759605463448 1.4981973421506145 -9.636786839218367 2.223900066655347 6.084733891290258 -1.178951186061657 1.607007330345477 4.931707691519202 1.6923973460580182 -4.375718228086865 2.842703516376168 4.130293316477945
145 1740 0 0 0 -2.4119318706284063 1.8032294784783272 -5.2736817296986525 3.7167199257062875 3.5853942411872617 -1.2835822856292973 1.5920322519548262 -9.120045425712174 2.2539033030518807 6.258331742033357 -1.5275197232194144 1.7373044698199318 4.607011022173477 1.7297006429991906 -4.487632835708367 2.9829402352316428 3.877543793055548
146 1752 0 0 0 -2.280834792177537 1.7772984899404274 -4.909892458649172 3.5055351405801187 3.8373461613665993 -1.4912074769250208 1.663269088129003 -9.051416722249991 2.2578233718960847 6.204050820456457 -1.9570642351147827 1.9949159075733587 4.602992298063243 1.4650635123349605 -4.308581552074715 3.393727086900072 3.890683835607664
147 1764 0 0 0 -2.2482817689968377 1.7944847019495884 -4.676585055874647 3.81554412814117 3.907870387701642 -1.7146797585470896 1.3300790088558532 -9.140633072805327 2.134325455179504 6.108167517978351 -1.724082789212425 2.1286849664168694 4.398342348172351 1.6811164139886081 -4.002640723544802 3.3826203272091475 3.630327113667717
148 1776 0 0 0 -2.394231001995465 1.7847460343036015 -4.509001510618396 3.8211332473131776 3.993823348382172 -1.8622858621216596 1.366347593180195 -9.19809388986775 2.0056320543931494 5.960609770698995 -1.6490108491956454 1.9786276968837568 4.620252659049294 1.5707499709303248 -3.7309742702922355 3.69085358198372 3.8637647536781765
149 1788 0 0 0 -2.1519300355238005 1.7607604122837506 -3.728181289834647 3.8552892357551922 4.457217410979254 -1.4619519084959705 1.3773040970947734 -9.245546254126339 2.129749641772226 5.7957671511929645 -1.7834355383255127 1.6583603752712492 4.942530771901598 2.009231734080606 -3.7835873593675826 4.095183468495819 3.611533778231942
150 1800 0 0 0 -2.1954867267213616 1.7931384471528227 -3.7947914414826154 3.8995592653551636 4.3767952345897125 -1.8646402256425787 1.4931075924153177 -9.235005865714214 2.0890246386318485 5.813487604131643 -1.751358574454113 1.6249764483949922 5.034368117291203 2.017047837090379 -3.8023212182375454 4.175242759138309 3.7047982634912513
150 1800 0 0 0 -2.1954867267213616 1.7931384471528227 -3.7947914414826154 3.8995592653551636 4.3767952345897125 -1.8646402256425787 1.4931075924153177 -9.235005865714214 2.0890246386318485 5.813487604131643 -1.751358574454113 1.6249764483949922 5.034368117291203 2.017047837090379 -3.8023212182375454 4.175242759138309 3.7047982634912513
