% # columns="iter, evals, sigma, 0, fitness, xbest" seed=500316, Tue Jan 13 19:49:53 2026, <python>{}</python>
1 12 0.47326344519129404 0 66.73874672824853 1.0287833460883682 0.0034066634451128397 0.29545282631186986 1.3669549646467778 0.5903270330910881 -0.3779130958743966 1.4643749520855565 1.1528442400141428 0.8581383331942342 1.9430677424701908 0.3364951429232249 0.3986553298081499 0.7612733499058337 1.047214133267971 0.798092222788765 1.576853528138498 0.545181142765405
2 24 0.4808801952496773 0 65.01514218878762 0.8185635658440076 0.11408785525681192 1.245275542109307 0.7406076275657791 1.1113342662850418 1.1366479190188994 1.1250642963167166 1.264168314687013 0.16779798085901138 1.2336932764471114 0.9529249185005473 1.1017110142128843 0.5247471585524669 1.8367865341260363 0.3070248527586724 0.7948442755409723 1.1741318645288032
3 36 0.500753998960267 0 52.52306276443321 1.1886616889151762 0.8733323924760197 0.016589810803944283 1.268147653412344 1.0101780248484566 0.5506263820729732 1.6715311748790316 -0.1895075204319865 0.36813597551030025 1.8144464058003762 0.6677637986667351 1.6823775443577031 -0.22937541001309344 0.7404634898442822 0.6574354314783616 -0.0640317789060062 1.0005234761279787
4 48 0.5438555018934169 0 47.05992501322818 1.581936044871911 1.8567353724383757 0.2825051854208815 0.37878544237850653 2.168154325360761 -0.49719471261643866 2.054791224144118 -0.8919659825749104 0.053712874249269404 1.9611101288616557 0.15514042132020822 2.0102690705110824 0.7129696605412731 1.3517500388117387 0.7960995963561893 0.38331225315537265 0.5215071227482134
5 60 0.6027066328007529 0 43.448248776078884 0.014736477457964803 1.5546699984874817 0.12394215563125921 1.1595348616253358 1.7397055740655676 0.4399650671314505 2.3562504480263007 -0.49955241200301165 0.6251307915631898 2.7304819601600245 -0.4921344923006553 1.7326642333980196 0.399333943918292 1.0412374500791726 0.08024467368341903 -0.04131487328930594 0.5896268815499175
6 72 0.693713715125349 0 43.084728880229434 -0.8542092253335574 2.014997248596816 1.341222657398611 1.020792848141222 2.338184831870668 -0.02096938224108849 1.7666516745551277 -1.165533149559196 0.13413637332954148 3.914103098473839 -1.1047532322197222 1.7288005352171112 0.7340815727967812 0.802212317789831 -1.1646404761407338 0.48916989451181914 0.4537099415713099
7 84 0.7703230352664199 0 42.899799196935454 -0.24349445241185375 1.4080447583155178 1.3812933621431016 0.4256829559641505 2.673314297974339 -0.3434920547407124 0.7119306986493538 -0.6666119482266055 1.655752572201559 4.2311832666377995 -0.6673348189689979 2.6829428027148747 0.19460820060628836 1.511497852019236 -0.633618700801132 -2.0637819136067606 1.4210487488475632
8 96 0.8487664161490747 0 42.916006933373374 -0.9351488870729002 1.6246988198187746 0.7840041276490164 0.965646589111973 0.8337643934470507 -1.0257791223168586 1.3523489973995517 -2.8191599614595666 0.9776906161113244 3.868634515487843 -1.0617865587204471 2.339596318464446 1.379451157962027 1.082827427023083 -1.623232009072553 -0.8099637434337813 0.7683115985292932
9 108 0.9295077743598348 0 43.15515668282573 -1.675694701865234 1.9999786854327781 2.2475452098672775 2.381370289548447 4.779349004872039 -1.5902355555083134 1.3694145222661864 -2.036397138667122 0.6388324818595645 3.9868858226497332 -2.9775700168905592 1.8054955977373894 1.806554272073126 0.3986834371532939 -0.3520012629038027 -1.9569667226795575 -0.15457345572040726
10 120 1.0096925544860977 0 42.90192428192983 -0.8568531152058028 1.4224595662049273 1.9001298465434453 2.219286965829398 2.411940965307905 -2.2821495799978773 0.3321511368456366 -1.5368649333648081 0.7478970051233909 5.398481554591815 -1.95342068145502 2.1863802368471914 1.206730607602821 0.41846024576758833 -0.28043724427627015 -0.2102366100556594 0.20303387968781544
11 132 1.0625751101267824 0 42.93283559864227 -2.74973654527754 1.8849295060442888 1.7547992061304747 1.260396888657214 3.6823067390376907 -0.6786419135277456 1.7295083936615612 -1.5838163613343221 0.24761188906718254 6.159250666089825 -3.1042590796399994 2.1711955891728008 1.4989229633964727 0.6825278082518209 -1.4060971664974968 -0.6498073320747634 0.2840924133411651
12 144 1.0612479652052713 0 42.741400083211715 -0.9904798340941466 1.8042239388037853 -0.022916328691953813 2.0568610008462884 2.5879348578433854 -1.7740232586990152 2.3317805798193656 -1.1828466434238134 0.2791554349110538 4.212496110419424 -3.5785679679514026 0.29669618910832374 1.5237974672262018 -0.8240576633121963 -0.6234866827323708 1.1090497340719216 1.2437225015290534
13 156 1.0412602874237826 0 42.95862680893566 -0.8139330447446529 2.2428133789541658 -0.14236101490063258 2.418526697999885 3.4025216106139737 -3.1278060724072687 0.7285425727941384 -2.7929245018272404 1.225391012071881 4.836304184630409 -3.897829503866884 2.4109918498297773 2.29661213159358 0.22394202585424988 -1.248965596205898 -0.4985924856303173 0.7370477208764582
14 168 1.048196142083613 0 42.712583010142204 -2.231554169386392 2.1096879861368927 -0.7344766246763932 0.35836580508680704 1.5821518302339643 -0.7805352713068998 0.3072430165313632 -2.625887062211565 2.4613500676339233 5.759811290672733 -4.259274202478437 2.705300337802662 0.6813489705784883 0.7472000861037984 -2.1052428650825696 0.3547903469474155 0.2334378869863557
15 180 1.059347820807618 0 42.681671623023234 -3.7806963826435984 1.7634725391681492 -0.7918022427577678 3.806025768211406 1.9152836125430537 -3.6247642314275352 0.319217318804374 -1.5441041488064629 2.6837519705196904 5.730895979168008 -4.1592761198331205 2.6918290527601036 1.0559223997408826 0.7057231811191026 -1.3531652223019572 -0.2946191972437422 -0.5432639300339437
16 192 1.0649899510749787 0 42.681806639775075 -4.4236353788692595 1.4813682014070189 -1.8207716178514846 2.7280718971745213 1.933157404451825 -2.278994928699399 0.7053583494070229 -2.2495732210871755 2.929971520758825 5.2147931275907355 -5.009991600855775 3.0859602695641795 2.810522638930397 0.9614664263268805 -1.5122962982893902 0.62656486262942 -0.2632310769230398
17 204 1.0511317579704267 0 43.23524656987951 -3.487150322570016 2.3333043605682615 -0.8388234837776907 2.127030685878127 1.8755076813931604 -3.8699074736314474 0.9138194267740342 -2.5127323025344035 3.1402053843164612 5.403056604766926 -4.598015317424713 3.4442229822670902 3.471327887687332 -0.3878772037433762 -1.8036871247505633 0.286313429199871 1.0379247072038256
18 216 1.0487183543403402 0 42.632098247419954 -1.4699763922533888 1.7364614125032882 -1.4164893821927644 1.9138211669230834 2.083404419148763 -2.478048411543434 0.43546311155536727 -2.9252538001153634 3.812907564138771 5.1770860879268525 -6.089192024793771 5.015695801031582 4.158523369264957 0.5659174697003512 -1.856455211542532 -0.004746207215376053 0.3863896824924806
19 228 1.0305611278497049 0 42.53426400983278 -2.5775960367569897 1.8213022944120825 -1.1922407552123773 2.523708544048415 3.6906749725558763 -2.958509798071988 0.2196198459792985 -1.7976896841687855 1.7988857193118768 5.640525088372752 -3.8876153571231544 3.0040523754349087 3.3578235077730954 0.3964685236296289 -3.486326880147672 -1.581442632894613 0.2721126614014875
20 240 1.005322680238006 0 42.53885765546122 -2.199387895679298 1.8058733447628883 -0.8859950795813962 2.0614201630822926 4.079129107101478 -2.2563026738050955 -0.28829782526448866 -1.7467494841212032 2.5096863818929145 4.140018754356847 -5.551357626781216 3.617090238374054 2.738493195642121 1.1512244882821996 -2.548682605649424 -1.7661946534127648 3.247364861801139
21 252 0.94837287819926 0 42.91716678099548 -1.9958726979719412 2.1071257651258817 -0.9074150403359096 2.2208798789240936 3.215218952917116 -2.912026299013559 0.6347608178106818 -1.4212981671779326 1.7940960580885879 3.5187343817203933 -4.408164135052944 2.5278056517752656 3.3110701738743447 0.02973818847494658 -0.38425837851151945 -0.4826346604361769 1.5748958619594866
22 264 0.8976841501654111 0 42.50444399611341 -2.600238779854911 1.7722130278320232 -1.317008327288908 3.8728625170998656 2.4463191397777515 -2.9762534056105046 1.4647194371299292 -1.5507211146696465 1.7671299398992388 3.498592867622831 -6.578468759080183 2.789509469591284 4.700711574366659 0.44540014830218944 -2.096544505485957 0.2631281294370086 1.8593613575589678
23 276 0.8490915393051639 0 42.58369071232136 -1.409225758824871 1.5951655062964225 -2.146095301462132 2.668604317223724 1.3441012449242395 -1.1136822234910286 0.8004049895701587 -2.2633273972533976 2.754215298221836 4.70035435799984 -2.86015512390148 2.487324470863793 1.7712654728942263 1.1642899069912018 -0.4258894914715132 -0.3088842499410222 2.427809511088148
24 288 0.8331252959600259 0 42.563526985273874 0.35070273204700175 1.792776738635355 -1.0751350989124193 1.3893568404161316 1.19048460677114 -0.6894577257649697 -1.039728963931366 -2.6464521477677523 1.6137609026412738 3.4567988028422505 -2.3553056976626463 3.7043094595521096 1.2178276816406957 1.9435702274934874 -1.1788951244714316 1.0175172627233868 1.7963823405761328
25 300 0.7967535720947496 0 42.67858226956046 -0.6825002424458807 1.8983741725934857 -1.3224253727498032 1.8112176348754352 1.9055548719333966 -2.8372671432224985 -1.102918013623252 -3.3902764019306133 2.615345802521914 3.9683731493324386 -2.6136098304854625 3.6422748379185874 2.372991918502247 1.0609985213539035 -0.7729586120304592 1.3261456819858235 2.5141063739323193
26 312 0.7913451241927302 0 42.57129272229567 -1.2738721360524798 1.6486396189622476 -0.29079355852330147 2.315739964713744 1.788353491194879 -2.4176122559384368 -0.4436122373066298 -4.000024996729213 2.6718991621578096 4.505744830518306 -2.871382163764067 3.8010143071105618 4.447110993095138 0.5924225007072526 -0.8633322432395343 0.8530766517359332 1.2528585111359514
27 324 0.7890259835564595 0 42.8712790450511 0.2878164602314184 1.3760724551300645 -2.0178262477403415 0.8915666876904735 1.5758290016993224 -2.4538921295553666 -1.022947345801593 -4.4960889081975095 2.6098651047585606 4.07660460251233 -3.3901509947264925 3.336069595339321 4.075971718900056 1.2234356692600947 0.5321585020946682 0.3662734140066754 3.1929968514738962
28 336 0.8224900030661979 0 42.71651778999783 -1.1505461634244323 1.9907032341761814 -2.133147631806296 2.33393254825408 1.7427621912258173 -4.299834706866557 -1.2007018944431378 -4.9383877515918115 2.2761585210092607 4.492948708436056 -3.6381869656565025 2.011046232172509 4.218389097059863 0.5319407365772513 -0.1628690358602469 -0.6871871404973275 3.157033601218459
29 348 0.8410772568830982 0 42.71915097759294 -2.804471537166688 1.7061989930140202 -0.7781160542468673 1.5079032176715854 2.0166917851984474 -3.314901627561365 0.17017054000591736 -4.68269971603025 0.9366579410147067 4.408200782481611 -2.4287995300873724 2.5644309841104618 4.190742658964087 0.4728870542141162 0.40279677249683093 -0.31155814540159 3.1871588868526093
30 360 0.8955250944748335 0 42.8311765844223 -3.3123130803747998 1.6565142514308435 -1.6115875264160575 2.048090045621851 2.428915520338232 -2.721899657112752 0.6296778227471258 -6.114992410718443 0.9932740748389077 4.727532414077979 -3.402440610427303 2.431834411058878 3.9295386820210947 2.2718703690914412 1.0452824247555446 -0.732377648296031 4.034912172621183
31 372 0.8955570628184845 0 42.5819081075566 -3.0341113304291505 1.5873772576861003 -2.64732585343429 2.5284278107821816 3.794136772483389 -3.544063285255443 1.7884548059912682 -4.095835075206593 1.000974893304752 5.086196433096648 -4.13541457815328 0.8335459123637605 4.536903962123674 0.9892491471669748 -0.5868718026876113 -0.21113031734032361 3.2317960431248336
32 384 0.8945780330723662 0 42.62615312049786 -3.811807172154205 1.5965641313434078 -2.188490811432081 2.2800981069988273 2.177850517497795 -4.824676578028955 -0.632232019228675 -8.134800769711465 1.2985157390491167 4.462509350871764 -3.431869283888515 2.331053757612659 3.297055520032165 0.1150809893268947 -1.3933843895644857 -1.0559838357041154 3.778624761383962
33 396 0.9067734281218309 0 42.53430277014234 -2.35989839714905 1.8600969044967979 -2.917308106996002 1.6870369559106086 3.4914734439603956 -1.9275661960805885 0.5610797710466505 -5.460308607017563 1.8986509375223546 3.3930164135204017 -4.016509794532675 1.1211246379284299 3.756763312284952 2.62784079420154 -0.06955832547758523 0.10669090608367404 4.339745730448776
34 408 0.9254822178276834 0 42.58510862121389 -2.048800245455706 1.9045522588938923 -0.4736328622120558 1.8122796025800012 3.230693532793728 -4.705213104294194 0.09044891301428742 -6.372663990504506 1.3216082480144555 4.745677752824578 -5.679943578997907 2.3597471984941913 3.8878242078724714 1.122601416892445 -1.9302171651310756 1.333771915276283 4.60221770514846
35 420 0.9153714651671613 0 42.53365808600326 -1.8163372770817778 1.8204872664570697 -2.6633199870213726 0.6481023925667968 3.472328356928723 -2.5944133810487857 2.5057623943008607 -6.486024825390627 1.5522066650656383 3.9084916075620004 -2.2988631691318577 1.0274411095506708 2.45436410963723 2.13232855696424 -0.5991070084319885 -0.7766425421568826 4.318913367859838
36 432 0.901508729707059 0 42.52225800907553 -2.625918902959137 1.8355986413155345 -1.141000510138379 1.781904448070685 1.5100714521134866 -2.420037434952408 1.4684963511033184 -7.164700622225755 1.4787931771332128 5.129681897118327 -3.23928683861067 1.3316129366986265 3.6916034415429038 1.795483220838464 -0.8006244905042044 0.49572814975626883 5.661350985083366
37 444 0.8804175875358602 0 42.635967531775314 -0.6741285283307996 1.8029611167312016 -1.7667630169412052 0.6519394060701467 1.4521455786992665 -3.014156718666759 0.5428380339236466 -7.780023847113388 2.4442829093047664 4.970659100187581 -3.129244424700204 2.213099106610194 4.1247392521427555 2.3526682131646686 -0.8152631507207398 -0.11685253619145958 4.86387326213374
38 456 0.8626968143934671 0 42.60258528265751 -0.03511378314731206 1.9709640527564505 -2.5404556656593162 3.4922459750876857 1.6857117121374212 -3.2940545663471816 0.32162351663935995 -8.64256693522447 2.8586686252496025 5.7621708367897675 -4.221089449539299 1.5036858099438088 3.9703534508355482 1.817227689560088 -0.41609011346490243 0.24414418690416279 4.499175170047112
39 468 0.850686756269865 0 42.661036456172255 -2.25889228123456 1.49019679422765 -0.23876608311961545 2.47482447611453 2.165855159544463 -1.2724657169490787 -0.5471731641520224 -7.061720809496207 1.9416129424748472 5.765484285975391 -1.341301381567642 2.0049321879721744 1.5434036399110833 1.5426809962721801 -0.6383760594074117 -0.13506797375089521 4.216671894629994
40 480 0.833201431961438 0 42.701079539107134 -1.6409381380543269 1.5812106758845237 -2.140570672832591 3.0923838851933887 2.0400637061712055 -3.1768443496489756 -0.011715743984465343 -8.458798459685195 2.1231539378326514 4.810954106570151 -2.8250361305863025 1.9382717690740634 3.559110002954772 1.0022721384525373 -0.1816744755246169 -1.5099996150474277 2.631272465356588
41 492 0.8410400367609829 0 42.808308877393564 -2.1022075199410986 1.7239359419857132 -0.26937648724664154 2.1759069141316534 1.8996737199747284 -2.1990792370706305 -0.3790506739533962 -7.490129294864125 3.058738099317806 3.195138356370181 -1.996782107836133 2.0090163644244834 3.871866274441232 0.9477856594260796 0.1148466760354957 -1.4777195021963576 1.819855788074832
42 504 0.8297342354675044 0 42.66309676639053 -0.8437199789031674 1.4726646465700763 -0.9013044237602431 2.0756666245015003 1.4925901259117655 -2.145778418805465 -0.734815302078185 -7.702573863911304 2.964152717967384 3.6593366540153065 -1.2271446405251147 0.5772694697119503 4.703734012622715 1.0842041046256234 -0.7827954794569402 -0.43934534209331444 3.819647174388859
43 516 0.8071743677949668 0 42.527258857633086 -0.7181103280915524 1.737286143928149 -1.2992581804404246 2.978534264533118 2.67562007680836 -2.132539087592559 -0.47477827597592875 -6.360269598798941 2.546567144097703 4.343022037744192 -2.417813325230591 2.05574020153479 4.625959461269123 1.133964084472055 -0.9794134043857621 0.6441158434276761 3.0893976490444364
44 528 0.7930482602766907 0 42.56092932141774 -1.178724390932931 1.580129654856649 -0.5862303401963815 2.835703538969239 1.828559686842937 -1.050503553594184 -1.1146920026489497 -5.233395681625918 1.1132329464758979 3.3214541375131446 -0.10696515970382481 2.083400693599529 4.073348568314417 1.3239279708826117 -0.20437170000533578 1.8953456964461628 2.550598239145378
45 540 0.7813162826535931 0 42.635032916924104 -1.3705497777788507 1.4214038502377817 -0.903834643043462 4.456653805847057 2.043027891518822 -0.92583816336846 -1.924567006036324 -6.989636492410858 3.3429503822405415 3.4602409517215382 -1.802007871330068 2.6843120158583043 2.3905382730011477 1.197212257833747 -0.26447212053527824 0.08748897140575562 2.254673284363725
46 552 0.7774496400260026 0 42.68025977932965 -1.0225118891923235 1.652294186884184 -1.8764170464329482 3.4379042075830513 2.94690181386373 -0.44278052514717126 -1.7965149370214466 -6.453514997461205 3.0331167043468037 3.7984661138267803 -0.8136493422248532 0.9108518359506788 3.4472008588988445 2.246113157720756 0.7841591114931938 0.11793792144042703 3.153070516075522
47 564 0.7924192852384341 0 42.55527914397087 -1.7589816221795367 1.7822132860899338 -0.664406419298414 3.696350010186185 3.207302350987146 -1.247752925876469 -2.5141907033366877 -6.647884496366408 2.2608490413878104 3.513408562140348 -2.0709088712764014 0.9404829721630609 3.365298313943798 1.366033173238982 -0.4531797035686381 0.7245105865650865 4.1268226882007655
48 576 0.7814919261254982 0 42.562969105901644 -3.253637389447253 1.567841180342167 -1.2998323934244433 2.0068553974963192 2.79854032834735 -2.0437542562966353 -1.687705980069098 -7.269924789337109 2.1030938259442187 2.93401657409648 -2.8405758071241465 1.642792537610635 2.864473771076898 1.4062272427113252 -2.415453025836535 0.886254456227426 2.347360460162643
49 588 0.7938559418464887 0 42.57390211865074 -4.013707022842802 1.555813529723695 -1.649494524189207 3.5320983269179016 3.451365543126728 -0.7371593001334384 -0.842178087483282 -6.933077939472649 1.130725802224753 3.5881056243730445 -0.9394961172077976 1.5515386909541504 3.4366577154419993 0.8059121806441583 -0.11346849260931102 1.5091586309446283 2.7333144726252083
50 600 0.7889246329394567 0 42.560157317118794 -3.166752513564999 1.5959220358384107 -1.7496478842418615 3.6094354228013987 2.441202804010567 -0.482013745667228 -0.38418789915389717 -7.067092992993222 0.9092149277644204 4.143276853792614 -2.032047535725858 1.5055276150864128 3.828104911889415 0.24521837209387287 -0.4053910813178002 2.229939209543765 3.9838329130626975
51 612 0.7882881283719818 0 42.58714621963133 -5.065689778828425 1.6794218611643679 -2.6420206305645557 3.3487709030348354 3.1492849096446567 -1.188107530495835 -0.9892756671854817 -6.413231080829274 0.7929603371552708 3.795837739211442 -1.7176032854245573 1.2298884828753578 2.7934982023229518 0.7446072562481011 -1.1935881048508477 1.3085468166042884 3.491254020694608
52 624 0.7759531052707334 0 42.52707989447422 -4.666244157507379 1.736922928629865 -2.133856493623093 3.9241724276159653 3.3068260340916864 -0.6442493703676557 -1.6789073532455618 -7.900992405100073 0.9606576177694885 5.177683833673954 -0.9710439445553158 1.132727862358248 2.110230165274367 1.3115834563959043 -0.7640608731370017 1.003395343884328 3.6720221660972516
53 636 0.7444569378720994 0 42.58245770771529 -5.0838703478253615 1.6715501093568945 -1.6879429695944583 4.904055286003064 2.521492256958249 -1.0114067376841644 -2.447970058282505 -7.847697687232363 1.3030982717931878 4.025954113111156 -1.8450809050902737 2.32570661746506 2.301108250458846 0.180568013273268 -1.4813092251045195 2.023957268309396 1.748326919968596
54 648 0.7391250101017204 0 42.52515531717347 -5.518580780597208 1.732911991962864 -2.9891719836510013 4.599702894834071 2.0480685817298196 -1.9599577158094468 -1.647522865372392 -8.394030787954636 0.9126768499547473 5.082466836282552 -0.4694509309622448 2.0659619829363516 2.0098622518252123 1.4835926660702334 -1.9451147169698422 0.9412744432822676 2.937182922544635
55 660 0.7457711549061109 0 42.55766691841128 -4.251149079726985 1.7853544487513429 -2.9729454606136994 4.097618487000898 1.9281814919350877 -2.669521917400207 -0.8653721963702676 -9.343775322277153 0.4987843092561153 5.395232036118033 -0.2880029280096198 2.3234066403419016 2.539421730801514 2.3969862483955624 -2.3543517909259863 0.7072667154161855 2.847919629588815
56 672 0.7774985407882868 0 42.567338885996314 -3.8302440431585176 1.7974093379399247 -1.9401349766601066 2.8963039639011496 0.34688534529638093 -2.7188463733620045 -0.8501330588712581 -9.887501198224163 1.2789416294647489 6.286003918898193 -0.6575553006511161 1.6137013498076422 1.6428960784935742 2.358744113942742 -1.5106808522469395 1.7220883343523723 1.627166677976069
57 684 0.771816842645433 0 42.56094228850239 -3.652754632750978 1.6087008081154401 -2.8817450691070325 4.032812694995499 2.3629614065886053 -1.9438532892520246 -1.9746181887751797 -7.4596162350031685 1.0085521677748988 5.984497976465091 -0.41793778148618943 2.5813039288792736 1.6657288649244113 3.2363146898780464 -2.7174054877470546 2.0041772955416763 2.907451755535022
58 696 0.7822153148919313 0 42.54151595490683 -4.219296717661222 1.7624297410674914 -2.7215278469778657 3.973912876494063 3.3458931785055706 -2.030993240595476 -1.374653910127324 -8.1587752015883 0.3829801957950456 4.5282475328225225 -0.4922524751284833 2.7080805369769863 1.134110004004442 3.0094051668133464 -2.213450224036169 1.2366477491262189 1.3605544034000152
59 708 0.772189754038727 0 42.528823352642235 -4.501362607943295 1.740396936703753 -2.4847061769278707 4.642424461712892 4.011200725695788 -2.0030417683555295 -0.3443403379796648 -7.630821297847426 1.205850599738483 4.744274068655399 -0.3606251269611923 2.2079015012285583 0.8265640617616533 2.3147223552190113 -3.224473511203473 1.4818209429263758 2.3124857323035513
60 720 0.7734882630024866 0 42.56214388104673 -4.594880479801478 1.7910592990126968 -3.3152814459799296 5.108528902415887 4.893626922038523 -2.0410388708782627 -0.34944455282427334 -7.9122706188045315 2.4646010762544748 5.376129247989275 -2.149251583252417 1.5373558128973293 2.209317383131726 2.202474731970711 -1.7679389752214438 2.5925655587514456 1.949722123852447
61 732 0.7389785658658237 0 42.54288675356138 -3.4235228034262972 1.8723861867573828 -1.9497728805852188 3.5071154709646386 3.3038802142001833 -0.36353643941224956 0.10533151358300452 -5.966973989645503 1.3950073760103072 5.311447339532635 -0.4555552904917737 1.1522410782971444 1.066201190992559 2.3587159220822262 -1.8281760693939204 2.160393554368847 1.6907920210067533
62 744 0.7397222823040739 0 42.54816739541677 -3.6480209882390193 1.6450746848925693 -2.939753786540366 4.003346819465911 4.212603690446935 -0.11108378508484074 -1.9641883473682409 -5.76485901422167 2.1910102757623875 5.051545562244702 -2.1856007828276365 3.152015853062121 1.372117864253305 3.00359655429401 -2.901837816342525 1.9024083930438158 -0.41522139135767744
63 756 0.7088917927749707 0 42.57908441218023 -3.124928577823468 1.6653785920101778 -3.183998736167257 3.2535643557906972 3.773470681477983 -0.5446492351783572 -0.6410870071030179 -7.641978131533206 0.537981207185942 4.937276475095345 -2.3588560624701502 2.175354020413928 2.2538578109946763 2.9309627151979094 -2.884775863879272 2.892209524983525 0.6141466883342858
64 768 0.7012847578369692 0 42.51099325246683 -3.6664082976913503 1.7966013556663212 -2.7639873288442645 3.719915922216967 3.9828144714157574 -0.03047270820372794 0.0032439348575543647 -8.560037952588761 1.1093978470849817 4.96871907332299 -1.3556484073361508 2.4676793308423357 1.0124800978116504 3.0076699131974642 -3.1944322723852823 3.5493389732835734 2.584524033041725
65 780 0.682356965861592 0 42.56024700612792 -3.386586050592841 1.589239538688658 -3.150180368947609 4.080341737438391 3.269189243529639 -0.2625524588915422 -0.9415053196226701 -8.382568846930086 0.7234967977509643 4.9333809808624665 -2.1819003629758384 3.3672925678619787 2.1457158762900335 1.9486865349509628 -3.286549587801596 1.7617124326472595 1.561482064332723
66 792 0.6262680204401451 0 42.502249075588495 -3.1337641109663825 1.7635210971845554 -3.0482265255434045 3.638446541221354 2.8092512006253836 -0.5174701032661413 0.08862326882687288 -7.220706236292555 0.5693249361527952 5.123666380208972 -2.4050536604634924 2.3189935155701593 1.9613355263738024 2.507430670911718 -3.507040942879004 2.6413018336816263 1.8773761544491672
67 804 0.6078939519735584 0 42.50825146011839 -3.411819139398792 1.7866082371198866 -4.046214535380715 3.464637282815702 3.742836160805682 -0.27913829113419053 0.1116159416783406 -7.184245681737414 1.2140716543426988 5.287771985420894 -2.425495715316992 2.8089237483260394 1.8080275468846718 2.7387391135885752 -2.8997726885187864 2.282730917199793 0.7710722301471535
68 816 0.6040799939516337 0 42.50180014727509 -3.481876668763735 1.7616491932899683 -3.6982520304650244 3.866471648381018 3.581811986966119 -0.7552509214233507 0.497910324853833 -7.181366595621627 0.47958138658339755 6.3520080189052415 -2.430940401047904 2.6321928483003303 1.4546565037407289 3.1644539371399776 -2.334380000193235 0.7760227806890765 1.501870397870753
69 828 0.6375442708935736 0 42.567858992140486 -3.6363477093152006 1.639414915231087 -5.322609642226567 5.163550798017968 3.3900753158855137 -0.6789632062717463 -0.42319227935842496 -5.6879376268717525 0.8131732128697675 5.8216514612089085 -1.1077228226121285 1.6950334627257684 1.9220974970007334 2.649069976930901 -3.2420944757940053 0.9381313106285926 0.6642157921081562
70 840 0.6738521031639976 0 42.50985106200356 -4.348942253455043 1.7924680314544548 -5.113256655072501 4.904651186318179 3.4412016466479964 -1.6202325689970478 0.23019008460475437 -6.232738946602066 1.1281375278720995 6.32970547784884 -1.3969253768085055 1.8375487604462841 1.6482375190235565 3.3727726765728256 -2.9361717103858647 0.41770893790342034 0.5962050136698855
71 852 0.6729471618202695 0 42.534682787990356 -3.54805156850189 1.7511776073734595 -4.667476697155593 5.290883145254973 3.4717601429069322 -0.5217953408177112 -0.7363992866327296 -6.240611794165534 1.1111219399438228 6.212191793161068 -1.9762869825072817 2.6707295877943746 1.3654435139351986 2.365849819431052 -3.3128186626522687 1.5804091632325896 0.5847759434623416
72 864 0.6330792892827252 0 42.51164415436041 -3.728762115076139 1.7989406701013357 -5.694992098463972 4.196211050371459 3.2986823560295533 -1.0690949579777076 0.8878843612817178 -6.332464997364235 0.6269717712749789 6.343709199772677 -2.1019772348206622 1.3611170426680212 1.1692901025816798 2.4742214146475483 -3.2617166822417603 1.0936227731708794 0.8575692986838691
73 876 0.6002618876044168 0 42.51856477059605 -4.532191337489722 1.8232639177673158 -5.655776939914978 4.936444773300586 3.7429439030741034 -1.771468174023607 0.1570070123567937 -6.302320217758133 1.5707257249854343 6.258073579185117 -2.168233395254325 1.9779679962339083 2.2591018879586158 2.7694754419261813 -3.600936657573299 1.2153390726390796 1.1202681418499703
74 888 0.583737272037211 0 42.54459735874243 -4.7704774232266445 1.767148352354563 -5.274396612080291 5.22615512753206 4.05491644593004 -1.1141313021337853 -0.07774492149909917 -5.7040210335755965 1.2659708417000215 4.768200878597454 -1.068584536463063 0.5677010757876704 2.279275665315948 2.552860875343356 -3.1032442368725928 1.6358174682748596 1.1052943399245543
75 900 0.5682235209565615 0 42.515396417672385 -4.772382832860954 1.8122329735025817 -5.565097020038437 5.485609958044387 3.24008235914837 -0.9969217956192518 0.12532367784367698 -6.639640866047426 0.29118489363142086 5.390898517331563 -0.5345844579332882 1.5096824557416202 1.767949181636082 2.965557631978794 -3.1747200624000467 1.3546476390271838 2.0560023594016683
76 912 0.5492093429330339 0 42.543992905921165 -4.691236003857228 1.76623786708916 -5.857788773449404 5.624954438989917 4.391710253329166 -0.604295955329762 -0.24209647885651941 -5.295321001503336 1.1665133529467981 5.4558147096060585 -0.04529075236175861 1.8553945289093643 2.3672601912175377 2.8958988861880886 -2.6208761553198796 2.3661344072092283 1.00246326586535
77 924 0.5493496772540654 0 42.540195910558324 -4.645824457801201 1.7603463788578382 -6.272329918616412 5.520315429140605 3.872895166115274 -2.196444795971486 -0.2034934532150382 -5.838607544077144 0.9551543720127988 6.166301453308603 -0.31546859669192373 1.3617242416831452 2.7424027366692365 2.074651059673994 -2.4753677749932406 2.0208695122313647 1.1914749112496803
78 936 0.5413141070512644 0 42.51182445702073 -5.0139464946611 1.7995867908216945 -6.213969255537338 4.955077492449996 4.445693781922346 -0.8155654935714505 0.2690719330741092 -5.7043422952826575 1.2862258659529697 5.620086952611878 -0.9333018965246911 1.9779064300621838 2.726927495023189 3.413516314777848 -2.992773660126149 1.7722269846211467 0.4545848327189145
79 948 0.5326123103393788 0 42.50246062659098 -5.243681576587078 1.755753534720116 -6.783295971690236 4.947172714838323 5.13625839979693 -1.5325495160093205 0.048977561020703886 -7.346329822887585 0.8672873014340419 6.129866951820641 -1.515009625654523 1.1637911595425778 2.9163700960733903 3.1440661571786808 -2.556682623407044 1.5624294417792843 1.5413111288384889
80 960 0.5387235215451203 0 42.51312064773186 -3.9863389154861912 1.8042102504286537 -6.190951613437441 5.313018299720668 4.843987026331695 -0.64507079828854 0.5587211062578425 -6.744905239897479 0.3146809455143872 6.311327353451271 -1.0402890966550917 1.2677131087147158 3.3934703072961034 2.9284674080116964 -2.0993476146933574 2.1571325786146365 2.4336877968527206
81 972 0.5432593240876493 0 42.502255030962885 -4.641787841068342 1.7635451764673087 -7.7422009578067845 6.1479115220253195 4.225234453825244 -1.4559512118653646 0.804267617142892 -6.9175151967957875 0.33784074952608856 6.1479783224188065 -0.7050377758005785 0.720805588155726 3.8600636397390184 2.3300110110143315 -2.8684809262024076 1.0023796793099113 1.3353147064069946
82 984 0.5450184832591103 0 42.50236579676017 -5.374592615385898 1.7558255295625016 -7.063655432496431 5.879888148667294 4.380716115453217 -1.689993047128611 0.09298355150437665 -7.0781532799780456 0.2993237632343446 5.892834622496265 -0.143904778654112 1.495736229891152 3.712131274153141 2.585284609637628 -2.9625711202307836 2.2997358898761293 0.7965739653213453
83 996 0.5373882721919003 0 42.50823601750775 -4.046461834283313 1.7865512091430686 -6.151864333934132 5.306875678725697 5.003887567475807 -1.8534711781938307 1.4371835925721885 -6.091310681161976 0.7458587726676507 5.90496231277776 -0.7897416255223394 1.9770830581549612 3.3804227293134788 1.753203472374401 -2.4920965476295724 3.0900361256011513 0.6587572301603946
84 1008 0.5367651759497775 0 42.501257696211454 -4.984749952600763 1.7591387132127658 -7.25870243366378 5.53084651818365 6.039444181114392 -0.08361789142850373 0.4979594147163681 -6.443127651205391 0.7262091398414496 6.323254963848424 -0.25814309638889155 2.0126601932890598 3.4500510462557217 2.5270671669364595 -2.7120852228348395 1.8670022209485806 1.1249732155388703
85 1020 0.536989069335787 0 42.51035810937757 -4.551070139264465 1.7537301218434096 -7.36532901066286 5.823464297099868 5.901263540960703 -0.8588567408016634 0.2876600691933344 -7.481678570589513 1.915792106721427 6.3193039652556715 -0.5344390409226546 1.7742935738527932 3.807018111259748 1.7594823049201622 -2.4211250738501526 1.8972136545976293 1.3456107007944926
86 1032 0.5072960962632017 0 42.50511225932937 -4.226926541437313 1.7547477841345887 -5.709636726435489 5.329223494495159 5.222564749968428 -0.45589026684868666 0.6285724608028026 -6.0520767854831945 0.7048205960951106 5.096874973059145 -0.6536484626853585 1.7842927295950046 3.0754336917164 2.5488669318058697 -2.384682782057233 2.5823209383752546 0.836081345493688
87 1044 0.48533878744459963 0 42.50168783669805 -4.121012179803268 1.7611708214113275 -6.013718798122567 6.0521728494847284 5.783359336026556 -0.23518051048665622 0.5383270781861862 -7.165422553396915 1.291616444555189 5.883524171504105 -0.39469917814596844 1.354059600418666 3.4253143194155617 1.9922863034943838 -1.9061320023620256 2.5147410159643897 1.5552606958708148
88 1056 0.459420322534576 0 42.51816742620327 -4.589572482355182 1.8218914616339363 -6.006891986553101 5.593361120967958 5.517029781918127 -0.15829339533288228 0.7326759154062688 -6.720566598719682 0.9391854881987767 5.173597212399396 -0.7069913176092921 1.900353721819909 3.371418731755769 1.7708889071755414 -2.5012829902043476 2.548118331190356 1.8902195385746783
89 1068 0.4454041854671371 0 42.50573536339572 -4.544327606612847 1.7771788409755005 -6.0748878976426575 5.722657980995333 5.4222905282508735 -0.30179325772194004 0.9760647613479057 -6.749195358690834 1.1083164103025365 6.154316359407046 -0.7936612092293962 2.112500201081335 3.3531493702025266 1.3525522047574428 -3.333979354583617 2.285571278872608 2.7376865583511645
90 1080 0.42336976643345586 0 42.532944491186086 -4.1415312884334075 1.8579814899038194 -6.217194431037985 5.980192912703244 5.439328643916199 -0.11316009771069502 0.7938534674971536 -6.4814249465005105 1.2828781998662726 5.443892416449237 -0.5811535251119768 1.992480472361575 3.585479427415492 1.106140668223313 -2.3344645601994714 2.858976058675194 1.8732781210796148
91 1092 0.4345335878290512 0 42.504188503712676 -4.626300856364789 1.7712186072808553 -6.8601240492255 5.406414906464722 5.660046368894012 -0.6473612666930162 0.8173449544096107 -6.394823242055366 1.211580357977563 5.826628142773453 -1.6388585929417987 2.2455728909747106 4.236927258833152 1.1447331403894172 -2.6338967597523837 2.0202816462944964 2.7216621835240655
92 1104 0.44410192414547317 0 42.514866307557305 -3.9936566198355377 1.8103704790237942 -6.087500035096237 4.782050896802922 5.598236014857101 -0.37249907741881794 0.4119483870345234 -6.539415629996203 0.6673360369481722 5.03141273381917 -1.3410859290502415 1.8195642746343201 4.005476828291262 0.534650738081976 -2.2827237239307947 1.6780079513270663 3.212157649659028
93 1116 0.4526660674355191 0 42.50647870675879 -4.284879711456377 1.7799956408153457 -6.882590894497389 5.618855685361617 5.117868024827715 -0.5875498388695624 0.3462723758379056 -6.9812948985310594 1.1311091085013005 6.177491659808968 -0.9128165700320161 1.8803868091776417 4.402932596161342 0.2500056790106837 -2.5376583977728453 1.7282410841439382 2.261457236296202
94 1128 0.455884963073931 0 42.51859854302448 -4.798580464573415 1.8233804949430563 -7.225429113641559 5.736263014259814 5.397757924901844 -1.4897108548164455 0.6695577238489325 -6.840575562488699 1.0359316233418976 5.479293223807607 -1.681334506659655 2.689123023647161 4.1456947185858795 0.37963875870616864 -2.5686607647726243 2.102836364299826 2.6133199006366485
95 1140 0.47386777230676236 0 42.50533566429512 -4.223557566251671 1.7756521192449959 -6.3370798824875365 4.636211270667815 4.093444521091624 -1.140342334198393 0.5990586842592329 -8.13457785129932 1.572120057156877 5.871131860158407 -1.2097744833866284 3.0539810511857204 3.453536958518221 0.73433831870737 -2.768759275122549 2.5712568390265016 2.414562618239861
96 1152 0.5073316136031095 0 42.50270108436435 -4.4727205255457 1.7653403926782245 -6.565509246305815 5.4517827056879264 4.116151387945635 -1.3749416579917464 0.6694731645849238 -7.97844148918057 1.8117322813874337 6.1782704292261545 -1.342284245191514 2.951902286657902 3.399335327086776 0.5331435606308901 -2.780261396452957 3.198208513727586 1.355177356348445
97 1164 0.5412667203070054 0 42.51637758464199 -3.9985683698672636 1.815668086709803 -5.6249788615838 4.026525388556555 3.202710527349852 -1.178263836459565 0.7632995586072178 -9.52614052788607 1.8860427165536977 6.2426011571580435 -1.9071075458925728 3.4100298460998673 2.8725346127844253 1.318885405706376 -2.6874624145764776 3.1995631589060434 2.370640535147862
98 1176 0.5312397390259841 0 42.506634231832805 -4.403808171953026 1.7805814686529335 -6.814274053701376 5.534514046838296 4.506625500707504 -0.5926919504229721 0.7517265694865856 -8.29631554290759 1.9476721602181186 6.224602677172902 -1.3217081374610866 2.7406140959348697 4.007891338838163 0.4961567870420296 -1.9896602292438765 2.37026202324274 1.846352599550554
99 1188 0.529782473406456 0 42.502148317846434 -3.1904295662548723 1.7631129062813111 -6.764594691936197 4.533823827362458 4.491828768432715 -1.1910361827950695 1.812031283535383 -9.540176098152154 2.2485481947037704 7.430334829532925 -2.334395227394334 3.6522993720237 3.8233191502685484 1.6684456349446377 -2.856200383108471 2.8332536596800324 2.2917924537251912
100 1200 0.5284666475511125 0 42.50236027752465 -2.9733934717225505 1.763970217254211 -5.829813887160763 4.274186263240336 4.524499057598573 -1.8619344119973953 1.474301776794204 -7.856649329977506 2.3319634761072123 6.41745465849433 -2.2697838121955525 2.327265969558991 3.7103883268563966 1.7437386797975973 -2.2310563851154237 2.7052923397206667 1.7125030286173695
101 1212 0.5172817705985121 0 42.502135266948365 -3.8288659017490834 1.763059741885809 -6.7191376548346975 4.926883185154534 3.458964249629969 -2.0703723548452153 1.524794760436716 -8.148296946790435 1.3833114272974776 7.052753474129274 -2.1591005058298585 2.8376507086122618 3.9789463905629887 0.6409215766786993 -3.1026821622549674 2.463485206886588 3.322001875965033
102 1224 0.5150590455154024 0 42.50124296088887 -5.230554853800477 1.7573304074726344 -7.346072659249072 5.055919789749635 4.297725565089297 -2.3249163815347176 1.2077335472345272 -8.437715352744453 1.2865316217012681 7.636291474813645 -2.0714092270724644 3.0103392332289154 3.863483060746988 0.13435076435213267 -3.0865750502678617 2.4179028255875785 3.0387907526523343
103 1236 0.5444307575868912 0 42.501161196123206 -3.515865018551789 1.7579162533774872 -7.636145183847461 4.357569892759156 4.254258307182262 -2.445929773387327 2.2007379971594156 -8.513674808903568 1.242044524121476 7.383397430321204 -1.9865796204859356 2.2585766452464804 5.085575963366799 1.1099793963746671 -2.9923502490157396 1.593058126446605 3.081149409493528
104 1248 0.5572780284673016 0 42.50252495962736 -3.4260289211732773 1.764633466432152 -7.801964365372764 4.2095207897994875 3.5480275507799504 -2.6532750368982048 1.9479294950333654 -8.990164172399949 1.6247224136293985 7.962425626984125 -3.3348981967789832 3.2594165991253243 4.774321244994028 0.9422943293840262 -3.1686665443988784 2.327156289708856 3.5191886386486932
105 1260 0.5316558600602035 0 42.50221669146822 -3.6577814214002813 1.7633900982181638 -7.821127059089712 5.382183987742246 4.687563711021623 -1.3043651140574302 1.598940388155098 -8.952341576251484 1.6013139325847852 8.317323222738208 -1.6199482045275713 2.3978384927355574 5.1661096852912145 1.3849691404252904 -3.250975529683438 2.000569949577002 3.725300069780743
106 1272 0.528046451347654 0 42.50379297181699 -3.5349023975918414 1.7696706975412162 -7.719028951349184 4.855380875307449 2.986246699243387 -1.9336100169194075 1.634124815368475 -9.255746470942322 1.8461474467356076 8.210885501004524 -1.7724300792319378 3.249487232138283 4.791673427067386 0.9711204678442396 -3.174047417540758 1.7035939297740654 4.311982301287885
107 1284 0.5249661723818912 0 42.51208108484742 -3.3478563357880042 1.8005050960897584 -8.196692634140016 4.955015474063325 3.2657867616985747 -1.954517656003206 1.711424345147531 -9.095597076885632 1.8991454440141218 8.999097384877404 -2.725568285758287 2.459915040231714 5.009369791538685 0.733437057341457 -2.930061788984233 1.3431865850829554 3.7956111574975107
108 1296 0.5233697737931082 0 42.52097589620096 -4.1543343667918275 1.831455398001004 -8.630550125516368 5.541983733522351 3.9604836998477384 -1.985375971207943 1.5371425208730636 -8.085432573905784 2.171077133753643 8.514564702372644 -2.243964170431106 2.3687399162832823 4.941160254292073 1.300944769660438 -2.915536808985337 1.5728808832965606 3.0485432037708295
109 1308 0.49017948709178666 0 42.501692350350545 -3.1196192636757725 1.7611897555848859 -8.626990820953386 4.65980974407341 3.1352156404830445 -2.408839414613099 2.2270200579121178 -7.682830365486046 1.6473877057939261 8.778403598573782 -2.4241672798801317 3.187323606255518 4.65059340110924 0.6743956126209221 -2.8606793655530365 1.471285735056117 4.1528050000332435
110 1320 0.46920650705155864 0 42.501171034939816 -3.9908850978534782 1.7577643373229752 -7.77613131605064 4.90117744626546 3.536215827254664 -1.7606767962611583 1.2860029483087312 -8.151518398559599 2.100370681297737 8.527052933696368 -3.1965006763410795 2.0496824443688313 4.738824567243458 1.0723220283875654 -3.2373458063019385 1.5410523222195531 3.840668281450119
111 1332 0.46721854584471995 0 42.515826737862504 -4.6108929103457355 1.8137415084772308 -7.921697500314925 5.363523827098424 3.7969902646732856 -1.272118784360115 1.8178250318263895 -8.778182058651964 2.3142948655222906 9.065721574079653 -2.9360133327118088 2.8981865919039045 4.429666497735864 0.952100463772243 -4.25747265777958 1.9237440012975415 4.415142285619582
112 1344 0.48397311425450534 0 42.51620922662157 -3.7971553200497765 1.8150797378516605 -6.298652094474374 4.836606089670876 3.6700837501451167 -1.808567768109199 1.8115916470558693 -8.366717158590008 2.8009569679333546 8.652286987667953 -4.391153953444427 3.1441750049174955 4.0468870955137985 0.5070934921194554 -4.097834498306785 2.657350267577981 4.42651991931997
113 1356 0.5072493032187072 0 42.51784660797557 -4.127537039476498 1.8207806941309455 -6.416218388638861 4.125323828484295 3.50321605804118 -1.2957162020629165 1.7794473764198173 -9.485818152085628 3.410666544895918 8.716639109841196 -3.408416254197367 2.5608746303539047 4.126083025964034 0.7864984672912398 -3.868963543331065 2.0388644126569573 4.473242702270566
114 1368 0.5201645814812297 0 42.50152949968969 -5.083306063497585 1.7604934561571766 -7.147925743228342 4.720239015933792 3.029750107760196 -2.061999713934945 1.7073848020975855 -9.986500654443734 2.474250991241337 10.151355411716613 -2.0794253503236204 2.8891063094132536 4.40107239528457 1.2054335198146249 -3.8694032545192005 2.726072027194438 5.262042754067988
115 1380 0.5019651447891103 0 42.50258677334997 -3.7236099764026642 1.7648818538635727 -7.060841547194567 4.109883162759541 2.6633473371050305 -1.6800690296372167 2.562250517070582 -8.814934366075963 2.7650903136501386 9.082073655309767 -3.055692907182511 3.2139938025185195 4.557481058256084 0.883996611679498 -3.4872361829604177 2.106260222822095 4.842625030825545
116 1392 0.4830147614899815 0 42.50515876136636 -4.279363112751078 1.7749735520014847 -6.626012612247839 4.589480696581752 2.3242628846058175 -1.3853655537488296 2.7671166307527555 -10.050351302307822 2.4852165933169803 9.039373088677324 -1.9011982845955293 3.3766256311941323 4.350407974761427 0.4726705151699084 -4.512747694132979 2.1026239964724955 5.726299328478514
117 1404 0.4649572561450353 0 42.504026795793855 -4.3540550570838406 1.7705870246457351 -6.659222947077078 4.273995785855652 2.953281799817204 -1.1401701704588696 1.8400554277442844 -8.487729563685642 2.574998393784253 9.117252808528377 -2.0135743640853523 2.9960995505688035 3.5120397414810873 0.9858573299738684 -3.402307024793245 1.4641585060685305 4.8009720086844645
118 1416 0.4564118180563102 0 42.501609517843555 -4.169639055994616 1.760835910931233 -7.326203701497146 4.718235843170623 2.3181663140815196 -1.9089498660245052 2.0217018038788366 -9.356174201732934 2.642449984890735 8.828207593845777 -2.432892168579603 3.3218325691108497 4.178166684270526 0.7674154512598974 -4.233056166909419 1.2828118195766134 5.7552955639427035
119 1428 0.45355667055472754 0 42.501472878387695 -4.464575417568678 1.7567471227012008 -8.184854364832995 5.058728646125591 4.08179948055374 -1.3071894157483186 2.251706243994155 -9.078929089262285 2.332637683145135 8.902898300602248 -1.4428567677566733 2.6566591213211543 4.8891391616124995 0.9097018398164797 -3.702677165292726 2.82452643608825 5.5791980857906065
120 1440 0.4496231040932076 0 42.5072121366962 -4.7115326060478955 1.7827482856637777 -8.17780891370979 4.779727843545621 2.8512352378923427 -1.8508123706755795 2.157846995472618 -8.579463088535627 1.6951642862213303 7.756557361579258 -2.2173862899125423 2.651396219013453 4.407548280851503 1.0841955749520706 -2.950472593863747 2.148744131809209 4.2474937928200465
121 1452 0.4238844747551428 0 42.50129612924295 -3.6586552616412487 1.7593687502523994 -7.74990574551676 4.5279771597071345 3.0251755617510434 -1.6139478813338406 1.7307279460606007 -9.119774100106323 2.125450155528514 8.518495811685984 -2.07767476884138 2.8683978950260585 4.2138788580482585 1.3834499286619073 -3.6808240374035273 2.307649612841511 4.09613378447176
122 1464 0.42792008304288526 0 42.50367545191384 -4.280696644377701 1.769208746673691 -7.7310698371628455 3.731316517854711 2.6891851815189884 -1.7215119616354801 2.4473177969205553 -10.086009432651421 2.1759500591445664 7.946408976529272 -1.3230072621537 2.432434944377574 4.202757819178447 1.8307625982661784 -2.9029509356337737 2.012732347214314 4.41584402875963
123 1476 0.4406480239473131 0 42.504788331574325 -3.7241519821320845 1.7735467508772627 -6.787204156627748 3.1152815578031348 3.1347119763219187 -0.7792860363295684 2.5462873602851284 -9.394998884803467 1.4826027084930153 7.581281006050823 -1.4025321305078358 2.285221376095362 3.99985708942341 2.1761438741017214 -3.415891732852011 2.716514456504342 4.528237738205157
124 1488 0.45752733940105555 0 42.50488853571326 -3.620760747950338 1.7739335142849328 -7.925358120026149 3.0596505118946498 3.6788079383247556 -1.3739659781488605 2.2791634933003584 -9.05062507494943 2.107884099012362 8.437530246058285 -1.9770463706154227 2.7934987611013256 4.394231607425187 2.2745082584596092 -3.551485641357823 2.617876907542109 4.084844100326131
125 1500 0.45351377255674746 0 42.50153136276265 -3.7510105382535706 1.7605012853971942 -7.52471760813279 3.1233871207201247 3.4211048134260693 -0.7993981576908483 2.765902731947488 -9.632598931166443 2.0097092121412685 8.410155135742302 -1.624737673106591 2.398863484520588 4.07447983026386 2.384424292197554 -3.702509531300547 2.0298007192615772 4.537246686079258
126 1512 0.45157896238972284 0 42.51034149291808 -3.824634182655632 1.7942474923755938 -8.027772954090855 3.101491057393744 3.883185168750189 -1.5518569646012725 2.63806309271433 -10.076791132947974 1.7154799567462544 8.265758216007871 -1.7732312929228635 1.944860413869342 5.672984715071381 2.128602361545076 -2.252473634249312 2.537361208432146 4.800896617889023
127 1524 0.46762143437934445 0 42.501398453415455 -3.3660133238064107 1.756882691548871 -8.185604549079445 2.7860605261400475 4.771315367405187 -2.170145916107729 2.876437944084632 -9.650984936871232 2.2718721234579116 8.210899927707093 -2.229959478667462 1.8054027863478637 5.7563244023176035 2.4810704266341803 -3.0470096358262233 2.755032506980093 4.102794541697999
128 1536 0.4937015112623481 0 42.50152319467123 -3.065494148275387 1.7566302858984875 -6.578083379825323 3.2691722227058335 4.334918179578501 -1.1623664967997478 2.715621903158505 -8.708907197438561 2.3081423308316533 7.650038869353591 -2.4385828021298317 1.8916466998071706 5.484268771164965 2.336894854449862 -2.6040623526065323 3.395463468992648 4.611441649819633
129 1548 0.5267511291657986 0 42.50508640682144 -1.8883566278646904 1.774695494814457 -7.273329376204421 3.44549309672442 4.760124778006841 -1.4004934187639284 2.903164249238947 -8.716144883375621 2.6628088214223875 6.740984574907163 -2.7093468793698645 1.1974750754121009 6.21347148101796 1.5378783138371555 -2.3206504459841866 3.002850830057694 4.319567676473881
130 1560 0.5568033500696037 0 42.504008610116685 -1.7959831022423605 1.7705158888140735 -6.658279283450138 4.283269304641601 4.961605508845657 -0.4597488713682536 2.326808427652774 -9.258705715866197 2.4592241467955853 7.537045652933503 -1.3031072571338944 0.2647861382481931 6.116146678900868 2.6035638692122407 -2.4303285173883324 3.019824743546043 4.635233940926495
131 1572 0.5919328822333534 0 42.5099148120789 -2.105046125043843 1.7926997607246067 -5.053452572116017 4.0095103836586174 4.748064909325118 -0.12106275879656536 2.5740820750804922 -8.148453521601752 2.3686112184730512 6.494802197113519 -1.0475999656214148 0.7122299952787563 5.68638612521025 1.79452947388386 -2.5905848984906275 3.20679683163999 4.991631167058912
132 1584 0.6079404259584452 0 42.502567268632966 -1.5037445113634265 1.7648035106329645 -5.677890158473154 3.630702389046064 4.350929294247885 -0.9615334415720873 2.4833318761980285 -9.513408393006133 2.7546524795101597 7.81749438685067 -2.1830834618856048 0.9909699255004828 6.261227001799935 2.1241987784398813 -3.02283632360533 3.306561785405261 4.818127759149609
133 1596 0.6227190760013142 0 42.5011639250296 -0.4362480350760778 1.7582677108075848 -6.990363085182801 3.586876404730418 5.124289622284513 -0.4244057219196963 2.155867085232256 -8.954333455930971 2.1309858987856383 5.6839982639422075 -0.456192172603461 0.07544091852381074 6.951666931997098 3.0158762466106053 -2.4007597131301304 3.3353915683479514 4.900090810612447
134 1608 0.6240602141998365 0 42.5157464542679 -0.9253471311597552 1.813460204921357 -7.21119806123921 3.3069198470297887 2.6100276036798267 -0.05546227637569834 2.781869121070217 -9.736033876376553 2.0010853022529593 6.740647914637072 -0.4524954894597357 1.5833518268944444 5.487919568161341 3.3309672765254823 -3.754423582593937 1.971594777506711 5.793491213740185
135 1620 0.5961226776502622 0 42.50471660276982 -1.774839558131105 1.7732695231109616 -6.4733403010985615 3.1846365509804344 3.668120774560794 -1.6153722299103217 2.568364995133305 -9.707991375020598 1.6739003739095892 6.704209326175022 -1.854177914067725 1.2293961384693246 5.750092512840533 2.7518971229357803 -3.461522551344698 2.2817772492456467 4.923217888769682
136 1632 0.5616783090992442 0 42.51241816940161 -1.8753289970406206 1.753440992462906 -7.668922374320167 2.984706286273414 3.2997396903689413 -1.3161608648642245 3.1476920831935997 -10.190402823655042 1.3473588435513189 6.885212333338391 -1.4933368994015257 1.6067293308142672 6.540992590281041 2.086453358939658 -3.629059685931374 3.0043411235274893 5.727892121782785
137 1644 0.5222890351183509 0 42.50700392173427 -1.3822987381858118 1.781969377415056 -6.4856582446569515 3.978530301819091 3.706850347505065 -1.5006049980155578 1.7015920102778663 -8.616690460769151 1.8585219275441005 5.350401594569568 -1.3469081742435332 0.7541515009729839 6.599242148206557 2.291339529057214 -2.6907176306717138 2.6854621729116372 4.540255793301765
138 1656 0.5049796013520087 0 42.50471760407311 -2.051392661798073 1.7732733951596302 -7.3022371565645585 4.136132047591506 3.4624392364377425 -2.0792184191948095 2.215316329502104 -9.560320928305336 1.1803339175727423 5.819354171899673 -1.6305610872337113 0.9494363257357946 5.958891002894958 1.5361422356799763 -3.1358418633091496 2.424930130147363 5.229802585854004
139 1668 0.4775346338665094 0 42.5032732109704 -2.4960151983136054 1.767620264002574 -6.784331365130384 3.4699467942066105 4.231718659201448 -1.0075309921940498 2.0922275500777245 -9.113409843964714 1.4470973733590387 5.8250670901416886 -1.0950242116059168 1.7343081407135206 5.770402673684158 2.2471326476673013 -3.6820178610516687 2.946566993182269 4.32746422557138
140 1680 0.4690334096335928 0 42.50178160963959 -2.081763475689651 1.7615703427618323 -6.6875898711867325 3.576038056581563 3.603949819686838 -1.5769088578059045 2.1029885563252746 -9.968615021840142 1.6285932664514933 6.237408375736933 -2.056571865334212 2.1389682519203737 5.610800778737005 2.072036353807209 -4.2861305401735414 2.705607786519527 4.3082859948897205
141 1692 0.48174058311967344 0 42.50226687023213 -1.969236256682437 1.7635930364950234 -6.216926757135288 4.071048202351092 3.5824446049516494 -1.0718559808331434 1.1981499147860712 -9.814684036379465 1.7501420617002643 6.773421574097425 -1.2689442162134683 1.8587905978576331 5.553484817467577 1.624722611394787 -4.435290207878141 2.6272813546713634 4.794283682519966
142 1704 0.495584302471025 0 42.50134880077824 -2.0678008701037864 1.7596558234609474 -5.90469569815817 3.5909924903328365 3.609919295372098 -0.6806468390807945 1.4128765484910262 -8.719836112731091 1.912170390624789 5.777803300985759 -1.504523059791187 1.827336485588974 4.5794609463433344 1.7970567268736917 -4.816993464119323 2.5969196233081693 3.292206637568734
143 1716 0.512572496378972 0 42.50161753074657 -1.8114137439696296 1.7565255801334851 -5.691549886181228 2.8760616093086897 2.946540286132599 -1.0737550600921064 1.2644635486824385 -9.31028521949032 2.4631797015083596 6.545750788432675 -1.5174753847232147 1.8764273708390422 4.8722401331236975 1.362823556183567 -4.88882406151158 2.8874374285508186 3.588648364281577
144 1728 0.4966253901390495 0 42.50174525933333 -3.145760458242858 1.761415614713253 -5.89786756155416 3.2105181006503396 2.7494639524655793 -0.9914169022606553 1.508431255024424 -10.344032297393083 2.161286422928406 6.762287982790062 -1.5435810335269013 2.2279676298561313 4.569068276006176 1.5333007803166978 -4.444857956463969 2.648167252310517 4.352880492999544
145 1740 0.47996193155970884 0 42.507068131099594 -2.4981745957868653 1.7822097873100444 -5.071109706251098 3.7502731780738134 3.7087692071638014 -1.476292015644586 2.051995424326239 -9.013563402460798 1.947183044905796 6.689808052818126 -2.329600657289432 1.8192156233352779 4.349571980860724 2.3474507044578634 -4.626060801727343 2.995805423473505 4.0732344403846605
146 1752 0.47537708509908605 0 42.50424345377507 -2.6125890516666597 1.7714328365585301 -5.491805722369346 3.213218924810176 3.3493294714518678 -2.1322561669189994 1.606730601368627 -9.091946355262907 2.004417194196373 6.486344918019241 -2.2415506583840976 2.0246772876791166 4.962263192268559 1.0547561797067893 -4.239891018036591 3.376698623680975 3.9231745093052357
147 1764 0.48456567716834686 0 42.50771060520234 -2.6551486537936877 1.784605209532644 -4.642828884070841 4.23062548905101 3.5264597748945894 -1.994272887514775 0.8988652167800837 -8.879195421607012 1.85450621165547 6.1669901976779675 -1.2628080778156394 2.454053546891361 3.7416863692296682 1.4558045418144399 -4.1093295708788835 3.3435999223160984 3.3185203123195692
148 1776 0.48466242502187734 0 42.50299570757866 -2.714563291879426 1.7665175312989965 -5.014746505460837 3.9085897210840894 3.6689629549883023 -1.7383286927526203 1.2994743895413268 -8.96207633606066 1.7060420708388881 5.888915339369034 -1.3155342893105824 2.0658876507475097 4.357972961881889 1.7360866684212375 -3.866960479410543 3.42054388378488 3.8292277608654057
149 1788 0.5052366838196677 0 42.50134526820599 -2.0363816374449994 1.7596370098513259 -3.054612774646024 3.501234030380044 3.9574536305375188 -1.2143814195399991 1.9826452742921485 -9.88047261134051 2.451409814482307 6.098426259719156 -2.0288299947801494 1.5700376889695484 4.814199589216741 2.502965493879462 -4.241287354380378 4.137528402543458 3.770373156169513
150 1800 0.5043736458908661 0 42.50591013692156 -2.3054140219598436 1.7778436947607783 -4.098538914139471 3.646277423968088 4.451202587213716 -1.9212087463613834 1.9130541079282162 -9.42502888135984 2.1543460623896307 6.206942323365642 -1.7331507439432448 1.8743608926760105 4.9345678815053065 2.4608603129993183 -3.960683526105232 4.240860809762259 4.204682433122044
150 1800 0.5043736458908661 0 42.50591013692156 -2.3054140219598436 1.7778436947607783 -4.098538914139471 3.646277423968088 4.451202587213716 -1.9212087463613834 1.9130541079282162 -9.42502888135984 2.1543460623896307 6.206942323365642 -1.7331507439432448 1.8743608926760105 4.9345678815053065 2.4608603129993183 -3.960683526105232 4.240860809762259 4.204682433122044
